1744
6241
8516
856
3805
4412
4762
6015
3800
3393
2431
4955
930
3136
5172
5634
333
9007
8026
1620
7724
779
2900
1404
9959
6174
3868
9142
9738
9034
5507
1819
5995
5090
4251
6714
8915
6775
5633
5641
1607
4845
7511
4320
7165
480
6974
5476
2029
4111
8440
559
5758
1415
8214
4350
9413
1310
450
1534
5962
3210
171
4682
9664
9016
2973
1825
5474
3422
9265
7733
8495
432
9809
8629
1265
9440
2711
2509
5084
4002
3604
5216
1547
3433
3634
7055
8383
5061
7803
7635
4737
9569
9072
2961
9909
4598
9191
5182
8607
7800
3371
4257
5172
8072
930
7327
8373
366
8119
1112
5454
8695
6562
784
2803
6523
4055
4589
2027
2394
7995
9957
7211
496
2076
1616
7298
9089
7928
2852
9599
7914
7816
6948
803
8159
6621
9946
9049
9525
6890
6283
9468
2377
7845
2930
4275
8795
268
8915
2720
390
9033
2502
4625
1940
7092
6308
7198
7235
7700
296
107
4969
9665
6151
2532
8338
823
6976
58
9515
8544
5546
9776
5780
4742
8315
5152
2920
1718
5313
3597
6694
177
7265
7005
8120
6849
4845
3225
8724
5698
4225
9664
4203
1867
6422
5519
8423
8247
923
4178
7601
5866
8852
9295
831
6060
6958
5805
767
7132
4862
9172
8249
5879
2071
6431
7338
1990
2782
6877
6251
5883
7001
5308
4264
1735
9000
8601
9143
3200
1744
6385
4956
1308
1143
1919
8847
7115
7399
1367
9823
7094
7269
3255
2738
6686
2684
3567
9971
3238
9950
7700
1996
7903
8425
5515
3849
6834
160
1418
7792
5458
4349
3587
3040
4488
8488
4195
6573
9743
6729
9306
9814
7397
7275
2203
9489
4138
2402
8345
9134
192
1870
4088
9051
6573
5254
8091
2678
5803
9907
4037
7223
299
712
7577
9545
7486
364
8655
5728
1777
6460
1657
1239
4194
8628
4418
6937
5547
7668
2616
5238
3489
4070
8679
3873
2106
7473
3151
609
9623
4329
8047
7905
4174
1883
2585
9683
3589
3341
2021
5641
3635
9919
51
9534
8199
7184
5888
9323
9241
9110
477
222
2263
182
8059
6216
1723
2836
7692
4668
9194
207
6560
7328
6679
2574
6577
5577
1758
8079
1387
9403
4457
6490
1357
1258
9095
1053
2346
5517
4072
8182
2579
1323
4227
4766
7426
8688
8300
9707
2260
9513
4433
1711
1272
1905
831
9461
2799
2156
9798
5595
2368
6198
6518
5716
3632
1200
7491
743
7595
5245
872
188
1196
9863
6172
4552
4678
7851
3186
6443
6459
3676
8727
7437
1037
2405
9499
4381
2130
3738
1780
6588
2101
2354
9765
2888
8931
5030
1493
4990
3287
109
9064
8347
6824
5910
973
5522
3963
576
9423
4251
668
7096
4227
5197
7322
8034
6190
1512
1350
4008
6522
8929
5812
4186
4069
4883
9252
2416
3602
6029
9499
7970
7171
3407
8121
670
3462
4484
1170
7989
2752
6111
4541
4151
7153
8017
8302
9303
7075
2553
1953
4993
443
6816
1590
4468
8292
4203
8006
3836
4962
1763
663
71
1378
2456
9546
9111
8628
8109
2206
8358
5810
8343
7992
5516
9328
532
8654
1329
5762
2335
3736
560
9480
3504
4013
8544
6707
9815
9217
6287
415
4248
7912
8443
1457
6489
2610
8467
6167
7328
2406
5393
6869
9562
5389
6394
6884
6266
8354
4268
173
928
7211
3025
7239
7383
424
826
6267
9963
4265
7194
150
3739
4210
5009
9693
2002
4713
7311
8488
3846
3276
7870
7697
9331
482
3022
8209
2162
6490
1609
7960
8420
8595
7215
2671
8008
8314
8005
9371
1330
6534
4594
2721
8291
8742
3223
4623
7111
8843
3015
5808
867
3961
489
3962
727
26
3764
4345
1538
5642
4347
3404
8798
3315
2902
4982
3818
1682
4916
5919
2695
7256
956
6488
7611
9353
2333
817
6070
3647
1109
8232
3656
5349
5767
9558
6637
5818
7695
3595
3773
2073
2180
7205
1234
5120
3990
7235
6204
204
5169
9551
8936
7981
6070
812
5727
9404
4376
7472
1245
4694
1045
7495
2887
9512
2513
8924
4439
8938
1625
21
7382
6097
194
2399
3698
4807
3082
7796
9446
8378
4371
2487
3942
331
7045
1365
6937
6239
7505
8948
6492
4023
5793
5055
7922
1365
6503
172
7472
7391
6789
9000
297
2954
7423
7381
607
4020
2445
5631
892
538
3041
8785
1108
3060
7206
5133
1479
5931
4419
2971
8089
1766
3956
1255
2032
4502
7419
862
386
8021
9747
3334
6726
5163
6839
7237
4246
4876
9904
2175
6857
6823
1961
5412
755
6398
3507
2269
1888
8121
1498
5357
3879
7827
7743
6671
2094
8799
5913
3763
3864
5326
9845
4306
1875
5336
3378
6704
8153
3118
9011
6741
713
6733
7940
5726
9909
4380
8810
8030
6900
5569
9262
7404
3167
470
2142
1577
8431
4804
4021
8892
7178
508
73
2127
7489
9338
4803
2114
4338
6272
274
4278
5045
1567
972
2947
7626
6116
1568
5010
9422
7295
8297
6864
1198
3474
8741
3761
3885
5418
4998
4795
2257
1380
2991
6755
9705
9108
8879
9287
593
6074
1980
3803
4697
6938
9888
8705
1587
7768
8244
4581
3137
518
9616
4266
9675
791
5004
2341
696
1048
7431
8041
2507
500
4093
4784
4910
1183
5441
7839
688
374
9120
9071
213
7298
7599
2632
8651
4032
3182
320
8041
9450
2546
1242
4653
7482
3431
4801
3547
8851
1872
9454
6133
9653
7238
2594
2714
6064
323
2672
3185
9823
3381
1704
6557
2276
5144
1178
8963
9801
6309
1842
6515
8666
2877
5535
8800
6785
7874
1733
2358
8426
9579
5563
5027
622
9817
8507
1797
4745
7823
2386
7635
624
7791
1362
3262
6200
9172
875
3937
9223
8672
2961
652
5280
9080
870
9845
8033
5008
3049
5342
7392
8362
1296
9778
482
161
5483
9241
2515
4280
3836
2231
3261
5325
7646
9938
6658
1566
6740
6191
2935
3472
6143
5934
7223
2651
3729
1241
7827
3399
9962
3417
346
3970
3188
8874
555
9828
5716
4748
5922
2980
6054
4790
5479
356
2953
9630
4287
8759
7873
989
596
668
8461
6861
3180
2232
987
2144
1239
9158
7155
7622
1317
1778
3326
9495
1291
4566
1683
4083
5747
7022
7616
5337
7305
8817
1138
4493
1476
2711
1357
9841
7821
9437
1835
6288
5867
2659
2745
1981
8087
2731
2582
7788
7978
332
4898
1509
2407
8890
2339
7396
9564
6241
6865
90
3999
2705
5480
588
8782
6281
964
3280
1053
1899
3654
4777
4308
3148
2213
9411
6837
7541
365
9764
3249
7109
1430
5524
7300
1785
7837
6495
6092
2488
3452
6936
5892
9813
468
3559
5699
1206
4935
9468
1049
2099
8083
5670
2698
9156
8495
8298
2978
2496
9832
3327
4152
5984
1954
3482
4173
3641
8338
3578
8859
90
9480
4479
6725
6716
9653
2465
7037
8962
8872
1334
6202
8263
2166
851
9460
2753
650
6362
511
1177
6448
6338
3379
1012
1874
3327
2810
4394
2708
8115
2817
5981
1470
979
6204
5527
6417
8901
1759
4834
2773
5072
1932
7926
2809
3435
2507
637
5452
6595
2086
8571
1338
9269
3922
2296
5524
2592
5189
5572
2803
5737
3595
3275
1489
9720
690
4748
8139
2100
4167
9834
8998
7339
1095
2274
9767
9295
3376
8629
1970
6353
92
9287
285
1856
7408
7514
6192
1569
3743
9720
6840
591
8913
9249
6413
8871
9564
5992
9101
7088
4911
3263
699
4253
719
993
1686
3289
4473
8606
2293
8992
6579
8804
8524
3924
8491
1217
4011
4676
1645
3955
3368
9743
5304
8412
2168
2752
980
8401
7089
4407
9078
4890
7353
4046
6863
8881
7078
4748
1743
4298
7289
6266
7601
9967
9096
4618
2895
4362
6686
6988
568
5841
7050
7213
1975
8862
8963
576
5302
729
2889
1470
9803
9888
6648
3641
8398
7662
3724
6699
4044
4821
9931
3287
7179
9197
5085
7925
4040
8258
7993
9795
909
2430
9081
1667
644
8355
5922
3763
9281
5221
3277
5131
7182
7921
2192
1661
811
6774
8428
6750
4401
5661
7524
5331
2285
8126
522
6579
145
7942
3994
7620
7040
1277
2582
5938
2680
6837
7583
1800
7845
5721
4189
1691
6298
6133
5151
185
4207
4816
1280
7497
8386
5796
9579
2289
6577
8394
296
6855
1672
1012
8534
9365
5047
3139
4381
1045
9532
1566
796
7253
8719
2462
1896
1899
7060
1814
941
2074
826
4214
3146
5217
330
259
9279
742
5754
2704
4993
2199
8392
7018
3710
4645
9900
4605
4774
7459
1288
3412
7830
731
3307
3018
4065
3216
8786
6570
5638
2848
7798
9971
3673
9217
4412
5515
1926
8341
7281
5532
3831
9663
8850
3170
7637
8393
6793
9809
29
1201
260
9136
7322
1959
2745
7581
8110
9591
2615
2213
7760
448
3188
7376
6796
4475
518
8047
9056
1969
4248
7557
5093
2677
7322
559
8248
6057
3123
4740
9536
1461
5961
4766
7015
9269
6728
3596
7834
6920
6926
2278
2988
2246
9510
3769
1805
1217
1136
8873
6314
4358
8309
5511
2914
3311
1892
9027
2367
8386
7742
4720
3629
7909
7632
4874
6696
4757
4983
5307
5635
9893
3716
97
4749
7795
5260
8563
3536
1104
6524
3794
7053
4823
1727
5040
8931
5442
6054
7801
2940
1327
3606
7794
2231
6048
2352
7264
7808
4162
867
1441
7173
3983
2685
8302
9239
5543
7353
8622
677
767
2860
3005
6535
9636
185
5918
3679
3387
6811
7133
8346
3902
3277
8782
3439
3391
1062
5102
7627
495
7472
2444
2915
1849
9648
1099
2605
3439
2985
5824
3745
332
1392
7164
6658
1624
4337
7489
6249
6962
3141
2939
6060
4613
4998
8963
900
8997
7422
6018
6345
1419
4774
1858
9770
5313
4255
5867
1576
962
9801
9142
6324
564
9306
9605
7801
5715
6507
917
3053
4294
2019
5226
4541
4245
414
319
7241
2662
3722
4168
3571
1193
765
380
5501
6856
6697
4337
683
8433
2052
4913
5120
6402
7469
4158
880
4429
2712
9603
8532
5858
3883
6012
7611
6192
4036
6080
2575
3506
4184
4290
2942
8121
6710
3834
1539
4749
4191
7805
1977
6820
3716
36
7613
9390
3553
5995
9240
5536
3704
6489
8553
5049
5956
4962
1043
3130
4488
1647
105
2682
9371
5837
3226
962
5311
8366
6860
17
7497
4970
2468
8098
8796
6100
7805
974
3808
1666
2307
3141
714
635
5727
1818
1044
7830
6488
3808
2989
2958
9775
1941
7724
4703
8508
3149
8035
3749
4729
2749
9876
9371
4397
7646
2868
1634
8800
2706
530
8571
5273
2297
671
3836
4148
1701
1297
6103
8176
7919
7683
9312
3969
9819
2288
5017
5427
6925
8129
3560
5055
1215
6891
2818
6624
4647
9973
5927
5692
3406
6889
9690
5724
7842
6395
1577
1148
1691
921
9115
7004
5472
6124
3070
2963
9079
5674
1294
4910
2740
9866
3434
3693
8734
181
1180
8683
8125
9958
8757
9724
6617
2700
147
9926
1484
1588
4086
7942
8570
3524
2978
5503
9627
2372
7596
9458
2016
7830
6313
8428
4386
3036
3845
8826
4014
8418
7629
5219
350
9411
8208
7461
6913
7316
749
7510
6645
6414
7568
9123
9607
5699
8013
3036
5929
5941
393
7961
8576
7730
7455
114
2812
1684
622
7565
6462
6300
551
2405
1135
2551
9187
7563
226
3305
3257
3643
5993
7799
5504
2445
3748
844
9615
6190
8320
5323
808
27
329
4292
1106
2451
6388
2582
3338
7771
510
5179
3198
2068
2285
1211
1063
4709
5333
8365
7613
3705
4441
3668
3678
2597
875
7508
754
8369
5331
8432
8564
1821
5406
4568
2664
1660
4397
5128
1025
9579
6063
4683
6453
554
2419
8626
6919
7470
8460
2424
45
4583
5178
5354
6024
7664
4216
2554
2442
3516
4400
9374
6271
3741
5646
9231
8803
6617
8308
7389
1910
4568
451
6159
787
9299
6081
8347
2507
841
5957
3442
654
636
201
779
5280
4518
3780
369
7873
4481
8365
9852
616
743
3918
6901
1126
554
7088
3658
2953
7438
7206
2491
5501
2606
6894
8543
5185
7302
9450
473
8380
7513
2269
9889
8320
6694
2947
8943
7810
537
4877
5650
5171
3778
8511
5636
8153
7940
9326
612
9744
7820
4413
1710
818
2408
9974
2217
7512
5959
1292
9156
2887
3675
785
41
8535
6755
3999
332
3182
3688
3562
4989
9487
130
3091
2551
2385
3461
1795
6075
6403
8820
8644
4050
8907
3473
9826
2359
5499
3693
9373
3287
4819
2147
4179
7458
3692
4151
1900
791
5018
4009
6650
5625
3912
7083
9488
3325
332
834
7605
599
1920
5756
9440
9072
9309
7962
974
5568
6165
6772
6229
4189
4427
7094
4061
6818
1890
9410
7670
4032
3345
2408
7654
3648
4321
7507
1848
24
6068
5022
6563
8562
6102
7598
7750
3952
7436
4906
8891
1047
6480
1046
2717
8835
7891
8204
2779
7804
2661
9686
3979
6814
3068
5360
2036
8690
1120
802
5705
8500
353
2504
1296
9730
6375
5382
1306
2519
2219
1432
8434
161
9774
8341
3554
5714
1375
7344
8122
6118
5616
200
5838
4825
8531
9656
1171
6621
5290
674
2294
9073
9730
7837
6845
2075
6818
6584
14
6044
6804
8478
3814
3828
3938
8531
7559
3718
5099
2953
6320
2350
3435
3248
4337
6022
2858
1039
6951
5916
1207
5522
7985
3707
3217
7122
1351
9803
5154
4561
8568
6236
5346
5465
9788
9443
92
1788
1799
5795
51
9902
1521
3671
498
9880
1053
1654
9509
9925
4435
9575
3183
7662
3929
7237
8158
3511
6319
4825
2710
8190
444
4634
3205
6477
5890
7105
1697
4836
4575
11
957
91
4637
3772
3488
4560
2406
9769
4013
7629
2674
9905
4791
9453
1785
9044
7374
7669
9130
6064
6116
7538
1197
9402
1217
6900
1417
7477
9411
4947
6364
6248
5315
6390
6183
2654
6875
2799
922
9714
1250
3785
6088
6300
3765
5580
7280
7611
9964
8475
3724
9406
392
2442
5648
7598
1432
1273
8743
8153
7110
1179
4645
6027
5742
5294
7095
7082
722
6077
9461
4454
9708
3519
5651
7516
9594
8371
7224
7091
3365
4901
5321
5580
9279
5984
3489
4461
3758
2793
1935
5776
6667
2708
9662
4964
4164
906
8729
966
4369
3174
6546
8899
9472
2835
4313
52
7028
9470
3516
2982
4718
5791
3761
4567
6197
846
342
3398
877
2460
7023
8419
602
3040
5211
7650
4584
3141
9960
2533
7187
6313
6051
9349
2350
4623
1430
346
435
8808
4030
2684
4507
124
5109
4744
3352
5035
3382
5394
4712
8177
7370
3220
1075
4279
5735
4608
6340
3897
198
576
9366
5477
6949
673
5096
6439
4513
5050
5727
3065
9177
6498
7960
9958
3308
822
5074
5820
4527
6639
136
6431
5741
4193
3444
8924
5809
2768
9890
8473
6838
5701
9204
9614
3326
4841
6731
7242
7804
6171
3751
9947
9459
4434
9826
5490
214
6396
4682
541
4537
3839
7625
8703
3533
8463
743
5533
8593
2695
8855
8739
9901
1995
906
1500
221
7306
3565
8855
4897
2468
2141
8623
6973
3040
3390
1890
545
9817
108
5337
6272
431
1405
7140
7802
9385
8198
127
7204
211
7121
5168
8616
1289
1996
6113
1023
19
1255
5407
6280
8594
4200
8143
6438
2055
4556
9784
9869
2451
6634
2965
2318
7255
2090
5945
5060
1984
2654
1767
5247
1109
716
7513
1185
4026
5097
6927
6102
8472
6952
992
2705
3921
8483
5336
6145
5378
4036
4649
9138
3831
6613
4663
4480
4759
8578
5247
8475
1096
6124
524
5218
6488
8235
7610
8162
3121
4976
2776
9236
5417
9480
7739
2464
7617
903
1288
188
2593
5699
9181
6728
375
1224
7710
4968
7575
2713
579
1829
3441
3423
8562
5830
4762
7058
6353
3935
8911
4138
5756
7474
7006
1866
6715
9261
5409
6833
5448
6822
9401
2219
8665
7636
239
97
8212
2178
4333
7488
6378
8035
9979
2347
2056
8894
6025
4622
9010
7173
2318
6386
951
2468
4842
689
4432
6768
5627
9542
8720
7940
7137
250
7431
326
2712
7011
5604
6014
9625
3069
3123
101
3343
7278
4463
7692
1662
1537
7645
2358
8173
4367
8579
9217
5075
5702
1422
8073
5403
268
6425
7930
2342
8132
2416
9888
2521
3233
5830
3741
7221
9074
6237
4530
7875
939
469
6420
7367
9160
7804
9942
9037
8335
5028
9468
8969
2580
5178
3360
7819
565
6048
2942
5500
3948
1903
5915
5670
6812
1644
1409
4462
9751
5395
9191
4539
2396
2939
4907
7198
5994
8558
1986
3344
894
6737
8105
3923
6224
7704
9184
35
7221
4092
6305
570
5938
4755
5456
9190
5237
2500
2540
5169
1600
6145
6896
5086
3541
5249
4261
8547
1264
4536
7934
3617
1328
5343
2759
1860
5460
9972
7376
7215
9704
758
6164
6671
9434
5264
8840
7920
666
2214
7637
5747
4211
4754
1662
5731
2970
7648
5279
5549
9809
5291
3094
8837
6676
6509
4643
747
3073
4752
1689
9062
9265
2785
7740
3909
202
1240
8910
6972
1981
8170
9763
4745
7468
6599
4896
1041
5704
5578
2977
3777
3144
1590
721
2888
3648
6841
9613
2139
4835
7828
1465
1893
965
1484
1990
1842
8977
9441
8014
1308
4636
5378
2538
376
6857
7124
2342
3724
9815
2315
1414
4472
2169
1746
8067
7037
5230
2749
4624
3274
8563
4896
7981
9874
6600
3465
923
6515
9266
2809
9479
1903
2445
2688
120
4042
4758
4718
5032
8292
1577
1010
6880
1794
6141
9144
3490
3977
50
1111
6814
6482
5387
538
6107
4173
8535
224
925
1434
8680
9862
8800
5759
6441
396
6771
8721
3888
9461
8725
7051
8644
9393
2737
2519
4489
6587
127
7626
2673
1891
6025
4130
1830
9930
2210
9344
6626
8497
2953
9447
3994
1256
553
8153
6706
2227
9847
9141
177
9183
2197
5148
2779
2307
6648
8608
9563
8352
5286
9577
3930
8000
9450
7425
532
2898
2175
7538
6473
7653
8415
6358
3433
7135
7515
9254
4533
6761
7135
1441
1019
4521
7408
8291
4771
755
2201
1167
7687
5235
3978
5740
4556
1371
2985
405
1245
6681
3507
9533
2520
7825
9902
4907
5306
636
3451
9895
237
846
3405
891
1001
2158
8957
6632
3323
4539
2036
7680
8502
1519
8585
7632
5897
7581
6307
1832
800
5093
2920
9924
5388
134
954
4096
7421
7768
4054
6408
6492
5465
1907
6845
2888
826
3426
4215
4963
9156
163
7051
2564
9311
9809
1962
7413
9266
2366
4402
170
3273
5476
8979
2414
7578
6825
7199
3642
4813
2326
1974
5619
9172
3462
1108
8081
826
9363
5286
79
6191
403
7247
3661
2561
57
7653
3536
8549
3983
1241
2236
6067
1142
4348
4644
2950
8754
1895
5374
390
7660
944
3372
4618
8526
8766
412
3380
9572
770
1538
1248
3031
8945
5522
2322
5553
1197
8606
4466
738
9959
9292
9967
3078
5568
7811
2843
5245
2865
816
9810
3704
1503
9948
5902
9743
5148
1534
5865
3848
5634
2052
7029
398
2287
7187
355
9145
342
9138
1468
6561
8254
1817
2704
9430
4173
2287
4004
2257
2626
7010
8040
3359
900
8101
8872
8488
4314
5135
1631
5610
2894
4691
2487
5791
4187
4111
7513
1074
4354
3786
9815
3266
6186
6665
8644
6057
270
2514
4303
6833
8169
3446
7456
5422
1963
2913
9660
7939
324
3520
5525
2815
451
8222
6662
5184
8652
1278
9193
1216
2640
976
5199
9657
2765
2960
9366
2941
7985
4405
7721
5875
7324
3671
5823
3733
622
5184
5039
1828
7327
1611
5276
3382
6801
886
6163
1166
3249
2365
7465
6815
2269
7680
9057
1025
609
7434
1477
4259
1267
1217
7058
2144
6380
1955
6501
8639
3374
6816
8035
1553
3881
8839
7778
2450
4005
7027
3810
4019
4248
3752
4914
3395
5989
7789
9043
1194
5786
9024
5657
3989
7832
6864
7272
3833
9145
4907
9084
2727
743
6719
9277
6685
9997
2287
8292
3244
1124
4138
5209
5483
9090
6137
5499
6752
4641
6553
8377
1900
627
9000
2264
8125
9569
6101
5191
9988
9191
8248
295
4064
1807
403
3265
221
9817
2432
7838
3886
368
6752
3302
254
5454
1340
8345
3713
2997
3948
7052
308
5593
9598
4453
5391
7621
7977
6968
4435
4393
1108
7894
8708
2425
6173
7530
2667
9138
9243
6888
1290
8698
4781
1435
4349
3112
5770
6762
2395
6667
3301
536
4943
9087
8954
833
3258
5496
4959
2093
7708
4540
9370
2520
2627
6573
5239
3424
700
4856
6642
9249
6579
6269
3970
376
9956
4937
6150
9392
6752
2759
9610
2157
2522
9386
5377
7426
5886
1114
7652
3277
1209
4693
3323
9038
3980
1929
1806
2053
2621
6834
1723
404
3482
2079
7250
3531
1488
9934
6805
3277
6023
7789
5717
5018
6982
9758
1414
7817
312
3371
844
4334
938
7755
7181
4720
9789
5205
4742
8738
4495
7062
1533
2714
1675
9507
5735
1729
6586
5673
7384
9608
2540
1011
9267
1846
8764
1340
8251
2394
8902
2942
6165
717
6942
725
9962
1270
9295
9346
20
4251
5478
9907
8551
3339
4421
8833
165
9860
121
1100
5214
9230
2690
8005
8054
550
4622
3289
178
6619
1623
9398
2973
561
4922
8939
5608
7160
7786
3428
8686
2811
4971
3506
999
2944
8254
1088
5761
8371
6127
6312
5244
4383
1219
4582
5207
4907
5074
1773
933
8124
5175
1830
969
6820
3799
3901
364
3583
5824
1988
428
4137
3514
3510
6196
753
6171
5259
2783
119
718
5926
3793
7281
795
2091
4331
1133
6674
3785
1267
1108
6310
4712
2979
3876
6771
1081
625
447
4216
3718
5119
792
3127
4474
9595
5033
5837
8436
1082
830
1814
988
876
3357
2721
5552
5545
4223
1640
56
3524
6142
1433
9023
9307
8104
5237
7584
3248
1892
6549
2758
6372
8123
41
943
5623
8864
8718
179
7112
9883
8157
8511
8714
4508
9663
7535
948
5815
3448
4106
1206
3187
9670
8383
2133
12
6147
7066
7598
404
950
6220
2204
7509
5576
4423
6358
7890
5391
8622
3161
1675
4522
2617
7015
6256
7705
1426
7462
2780
5361
3125
5021
4982
1023
6044
8301
4260
3259
3999
3890
1720
1871
7735
4331
3736
6178
28
6756
2743
6804
5931
6882
9288
8241
1781
9052
7575
638
2656
2982
5373
3868
5752
4668
2350
2565
4479
1212
9102
6062
9416
2203
647
8867
4693
9704
5801
4057
6465
3579
5426
1180
1648
4928
4974
8173
4906
4413
9499
6826
2481
8783
2029
1693
9215
2247
373
80
7662
3865
2172
2463
3695
752
9797
4053
6706
8644
5921
3869
338
7178
2513
8317
4021
3397
7565
5494
6875
2305
2199
6095
3155
773
3706
3261
7200
274
8729
3925
57
7440
3107
5651
5591
7982
4698
2769
3236
1944
4410
1141
3969
5508
2400
2997
9575
4520
1208
7141
226
1800
9012
3046
2544
2231
9298
9676
9278
6345
7472
7593
2931
6319
3716
7594
9934
4524
3835
8751
8998
4199
2794
8356
6664
3286
7903
9336
909
4912
6686
931
1843
1570
1012
9062
4227
5007
3209
8854
2889
3490
5752
8503
3858
1526
7073
557
3147
6582
2602
9682
2099
5587
3228
8649
1909
2608
5980
1972
1897
5374
6994
3233
6466
8370
3949
6865
6861
8228
3811
2538
8975
9160
2568
1746
4553
5490
8940
6386
5939
477
8456
5126
5359
6615
666
540
1651
8759
7129
1450
435
4740
5297
9391
5091
1355
3320
2547
5836
9510
7917
1033
1256
2861
7111
7247
1951
6350
7714
2737
325
7822
20
9318
600
5050
9475
5532
4936
4128
5247
3901
4926
9977
8893
6779
8561
1165
9186
2789
2108
9242
1836
1068
3071
5409
658
1727
1131
3795
6054
420
1060
6503
6101
6981
8270
9051
6055
4193
1504
4384
8291
76
5159
1499
4995
8272
8787
3543
43
6636
282
4857
3946
3735
71
3411
5263
7619
7711
6242
8014
3985
8411
7292
414
4228
5544
7815
8490
906
8579
5021
6631
6912
5747
6997
4900
1908
4643
8587
9412
1454
3423
4714
1530
1295
5506
9753
7296
658
9024
6460
9764
1619
5859
1855
3343
8500
28
6070
983
126
7177
4738
8752
3321
2953
2417
4100
8836
9556
9675
5548
4765
312
8044
4881
298
2831
7465
4940
7701
101
9841
9903
1527
8619
5956
1856
3806
7921
3289
9491
7464
8645
7471
4078
2062
1469
6365
193
3028
3399
6326
7503
8917
6057
4271
1107
4103
2482
4688
4061
8168
6123
7912
9556
8580
3659
7830
156
3838
3795
346
1474
9684
4629
4235
3940
9902
4178
4168
6309
4194
8783
8407
709
1481
2534
3030
9951
5649
6874
7246
5320
7409
3039
2306
8974
5686
9420
1370
6203
5985
6976
9758
3396
3460
1168
8180
6262
4726
6065
238
7397
3956
4389
5537
7683
7024
7227
1538
3406
4635
8939
4292
6777
1158
9965
5526
980
7848
7387
626
8200
6538
3144
1568
5020
2398
6886
9572
2415
3827
7624
7891
1016
7631
1176
6613
3536
633
8826
4089
3122
696
8428
2064
2410
3703
4525
4677
7156
8088
1252
8486
2136
2621
9752
2032
8532
6028
8581
1261
8206
6836
280
514
3738
4188
3569
9341
1166
8057
9785
4758
4084
3156
7628
1357
2673
9321
8398
7353
9987
5435
9142
3210
5960
3128
1197
1244
9844
2186
3245
1532
8399
7650
9886
7545
2739
8834
2344
6702
8451
4075
2079
9237
7455
7498
2987
7587
9940
6278
642
6132
6464
3183
7937
3414
3432
659
5072
1002
4559
1538
8397
9930
4599
3844
470
5936
6974
6382
2328
608
4561
8675
7694
1463
7804
9150
7130
1528
7633
1030
6791
4582
6033
1559
3283
8068
791
5778
7038
6368
2097
4700
287
2417
4085
2593
6807
1793
4712
2408
6450
8574
5995
3534
9527
3643
2030
9051
404
3710
6993
6294
1716
6835
8677
4583
8354
6099
371
8530
5230
897
2691
6720
7442
7797
1842
6596
89
6418
7502
6271
1950
3798
8903
1683
7145
6488
2443
3488
8047
3356
7771
1344
1322
6415
3718
2899
6381
5044
4623
649
5677
94
1017
5464
1524
2846
8160
9274
1353
531
5467
1821
9531
8028
2253
3152
9829
3544
382
2895
9194
4502
9042
3750
8756
7391
9682
37
8569
7615
9965
8198
3159
2057
1021
5507
1106
9591
6348
5765
7110
3545
7206
1606
6808
4039
8743
3344
8561
83
4832
9602
3332
7153
6778
7022
4676
1303
9587
4438
3759
6631
6415
2776
6075
5692
3464
4173
1068
415
1298
2114
3888
1371
9717
8875
6499
2451
1501
721
8176
4313
790
1919
2033
104
2818
8806
3880
5445
2176
999
9317
5579
967
23
6961
3839
7805
7020
9970
6974
8112
207
1943
9108
9223
3789
3090
9000
1727
2791
290
4996
7093
2752
1182
6997
124
3990
1213
6209
49
7070
4515
8739
5158
8592
4262
2423
9217
5060
5230
2712
5631
4569
2197
8044
8064
1529
2422
2935
4821
1737
2108
5709
6564
5354
8755
4922
3526
8399
9998
8588
6652
84
3778
2182
3413
6770
5930
141
1857
3574
9157
7976
7470
4291
3367
9855
4709
9130
3119
486
9409
8929
6699
3927
554
8538
9210
2235
9031
9850
5075
257
6782
9924
732
750
1043
5934
8440
849
4010
880
1090
2864
5576
5095
5536
7910
7359
4247
4804
7605
9056
225
6311
85
3547
8080
8751
3778
9546
5383
2077
5773
7793
8412
2160
5351
3671
7843
5121
4886
185
2886
7946
4566
3212
2371
3811
9090
1565
8289
243
9701
6632
4324
7233
5268
8623
1823
3653
1720
9720
7260
4825
8917
8117
5917
4512
940
6340
2497
2752
7584
5732
5567
200
7157
8028
1183
4161
4861
9910
7583
7118
8445
8057
4681
4472
2421
3373
6113
4508
5197
3273
2897
1299
4917
4426
1179
6434
4608
3078
6981
357
2337
3121
7403
349
6475
6397
791
9397
5166
2319
7788
4105
7640
9586
7285
671
8970
8069
2914
1641
1725
7734
2697
6043
6425
9856
3839
5933
2835
1750
2031
7484
665
5417
5694
589
9846
8868
7541
8762
8728
9122
7214
8909
93
3056
9052
9794
8316
859
8033
8748
3920
524
9606
1250
2648
6593
7116
4997
5471
9516
3049
6633
2751
5918
6813
5335
4044
5182
3499
6696
8240
7042
178
4556
1371
4413
1684
1316
1583
137
5196
980
6897
2067
5165
6867
3443
7871
3828
5430
2385
1850
5645
6040
9871
5504
5997
6115
1821
6241
5853
7120
3205
1803
8600
593
5467
9586
3715
9355
8725
9681
6987
968
2816
4045
6534
4718
9746
1165
3374
6999
9354
3493
941
4268
3846
781
3955
2243
7953
6322
9772
6289
3456
7387
9655
2970
5041
269
9884
5531
2729
322
6185
7151
5105
3803
2962
6801
8075
1543
8182
7233
7770
2823
1866
396
7211
2222
8331
524
9291
7460
7183
4262
3429
139
9577
5689
7471
2181
7780
5964
3036
6901
908
173
9936
1951
4369
3329
353
6839
7899
3818
1144
4954
5976
9557
7230
2197
193
1024
3612
4575
1135
7442
472
1254
1688
2816
9198
3484
2595
2674
9842
5964
5180
1580
7837
4082
9125
4654
4329
8458
6133
4528
3789
7053
3405
420
9804
1945
1890
8821
4610
5471
2495
5366
4371
8205
2513
282
4863
5061
4485
6573
5488
6940
2918
4005
6080
9105
1952
8771
406
1193
5007
4007
5191
9350
3385
2580
1868
6018
9539
1498
648
7216
1955
4227
4426
7882
8698
6599
8456
8833
3090
1480
922
5104
5640
1965
3700
5329
7167
2788
4260
8206
8368
3146
4852
4937
7415
9131
6831
1027
3249
4625
9697
80
834
6248
1833
8045
4919
3557
7287
3774
9259
661
244
8463
9618
1801
1404
9769
504
2387
638
504
1431
9580
8880
3373
9950
2964
7137
1943
9666
906
3887
4587
7583
4062
5449
1194
954
6465
7067
8385
7349
6736
6630
1090
7580
3273
5832
8514
7806
7628
2016
7299
2460
982
781
1916
4126
5862
6362
1297
5284
7762
6876
6053
8317
7083
2399
1206
8656
843
2768
8214
9167
2048
811
4823
9967
4736
1381
3565
1363
7079
3836
9601
7408
