1 1671 4280 2468
2 825 9766 8828
3 3045 7020 4073
4 7552 506 9429
5 6312 7527 9959
6 3419 4059 7214
7 8099 5026 7765
8 1272 9447 6637
9 2739 9630 7917
10 6796 3152 6618
11 6116 1654 4103
12 3787 4633 1574
13 5174 5151 6195
14 1677 1223 7755
15 9455 5714 7809
16 1091 5559 94
17 8082 1351 595
18 47 5331 6345
19 7202 4875 9858
20 1897 4428 7679
21 8197 8214 1235
22 7432 6504 1578
23 5689 245 7544
24 342 4713 8822
25 8776 3716 7895
26 515 9987 3111
27 9661 2252 3401
28 5170 5030 3796
29 2971 1873 5533
30 7710 534 9896
31 8552 6444 7891
32 3303 4273 2613
33 7952 7765 5137
34 1472 4520 8498
35 4970 4914 3143
36 1759 5499 4021
37 1283 1910 1476
38 4204 9110 5152
39 8693 6590 2308
40 7524 299 1311
41 8852 6721 565
42 5444 7932 4662
43 3471 4697 729
44 742 752 5731
45 2705 2663 7739
46 4513 748 4930
47 4222 2380 8346
48 5909 2701 8491
49 1597 2185 1329
50 5149 9377 1394
51 1541 4766 9343
52 5223 8560 5613
53 9142 7399 4864
54 8292 951 7813
55 6239 4817 7819
56 9534 6153 75
57 3439 4653 8690
58 7067 1317 3020
59 9602 1844 9603
60 388 2056 2706
61 956 1251 4889
62 6277 6611 4804
63 5396 4634 4649
64 7086 1679 7091
65 4795 4523 5472
66 7969 3972 7174
67 5999 8267 9676
68 131 2482 5132
69 3086 9705 2331
70 3221 360 9387
71 3033 1199 5562
72 5431 6239 4534
73 369 7395 8487
74 1062 2933 9513
75 7709 941 1186
76 2976 4229 678
77 7110 8044 1287
78 2338 6647 8891
79 6882 9251 9166
80 3544 5645 6296
81 1454 6679 5690
82 8200 3569 7679
83 4390 2792 4414
84 9384 191 6108
85 6706 3188 4841
86 7733 7882 9479
87 406 5752 7767
88 3001 7197 18
89 4361 5958 6745
90 5791 6315 3940
91 6632 175 2747
92 1765 2966 1152
93 6154 2299 6359
94 6915 4336 9412
95 7151 5430 7483
96 3730 6360 4060
97 9211 5360 3196
98 6391 1449 5327
99 6011 9415 7283
100 5713 3347 9100
101 7197 6849 9206
102 8305 2289 9319
103 5580 7404 1664
104 5349 2575 5702
105 2613 9207 4627
106 2469 9654 5113
107 7615 7981 7378
108 4724 4003 1243
109 522 1782 1254
110 4633 7353 3313
111 4944 875 4830
112 3979 574 5709
113 8900 6684 1859
114 8124 7584 8944
115 1776 8926 9517
116 7789 2391 4017
117 9404 3735 5176
118 2591 6987 9377
119 5915 4009 1926
120 2519 8666 5201
121 8932 6325 5013
122 6961 3604 1627
123 4087 4771 9586
124 400 3221 3591
125 9769 8151 9551
126 6453 6081 6694
127 3565 3928 5613
128 6827 7441 2151
129 2455 8011 9474
130 8267 373 2291
131 2516 3716 1952
132 8824 2579 2057
133 8555 1594 7863
134 1099 5244 1535
135 7804 3331 7057
136 2259 6247 8060
137 9743 5102 5869
138 1657 5641 3127
139 2914 4570 7944
140 996 1595 7912
141 2787 7384 8006
142 5600 6180 566
143 1032 3935 6536
144 8339 9252 9341
145 4462 749 3759
146 9235 7328 5858
147 1365 5930 7387
148 5864 1553 4161
149 6257 9363 2200
150 4433 2964 3408
151 1148 5421 8167
152 7083 665 9592
153 6946 3044 8004
154 4457 6713 6351
155 3315 6792 5397
156 3546 113 5390
157 6197 5059 1582
158 8464 1199 982
159 2193 3118 7101
160 2321 3569 4473
161 9881 4226 7855
162 7953 7411 7445
163 6669 5093 5055
164 5812 8944 2023
165 7633 1592 7397
166 5078 8767 6679
167 7690 619 870
168 4366 6891 8310
169 7960 6254 7714
170 5312 8880 4649
171 7804 7303 1568
172 9188 6944 4792
173 8895 4782 7487
174 8845 7970 4633
175 5224 9373 7317
176 9217 1577 3203
177 5108 3184 3766
178 528 4124 9131
179 7231 9644 1336
180 6559 4931 1959
181 1011 8487 2053
182 4879 2912 1973
183 8012 1614 3392
184 4105 3064 8309
185 5658 2124 1146
186 3158 6283 7061
187 9215 9387 6022
188 7770 6186 8861
189 3887 6739 3795
190 6859 9465 361
191 9839 39 7709
192 6136 4033 9147
193 649 321 534
194 9022 1954 9457
195 5803 1183 365
196 6145 893 1006
197 3162 6719 2918
198 2290 3419 1891
199 1177 3417 3175
200 2084 4770 8221
201 4995 4373 2280
202 2494 1103 3613
203 175 1956 3142
204 7238 9460 7517
205 3534 9746 3095
206 2553 8626 60
207 1314 4129 8524
208 9022 2852 2370
209 6508 4716 4074
210 5640 1508 9659
211 4922 190 5850
212 461 1361 6118
213 8859 5613 3851
214 301 4864 1418
215 1204 3761 6452
216 4787 3191 2913
217 6321 1557 9921
218 1853 4624 5591
219 1474 824 5252
220 94 2778 976
221 3920 8088 5179
222 3617 2320 2097
223 2654 5664 9281
224 5506 5889 5637
225 6730 8141 7802
226 1770 2181 7781
227 2184 6371 6241
228 8970 1414 4857
229 729 3696 9354
230 8223 4633 7771
231 3005 9044 6364
232 6332 2017 3612
233 248 1136 1986
234 2828 1859 3283
235 3925 5529 6885
236 5256 5307 3201
237 2601 122 1319
238 5648 778 2858
239 8974 1641 4452
240 2324 7056 2970
241 9266 2709 7145
242 9711 1756 6474
243 6815 2271 3336
244 2816 3182 7289
245 2941 5176 9985
246 8264 6624 5692
247 1339 6998 7107
248 4852 7013 2833
249 4225 2185 6789
250 8338 6499 9600
251 5780 6727 3199
252 5058 8225 9396
253 1156 1235 6955
254 6731 3580 3002
255 7145 7035 8329
256 843 1106 7638
257 9182 8199 2327
258 5338 3047 420
259 6020 1562 5875
260 4271 1740 4550
261 1867 4836 1142
262 9097 7502 4592
263 9641 8116 4588
264 9462 2499 3103
265 5147 9295 6981
266 8807 7155 2551
267 1699 276 2713
268 2511 6149 9954
269 4025 9527 967
270 959 8207 6631
271 4071 3596 9054
272 9748 3846 753
273 7853 5082 2767
274 9539 317 3331
275 6331 592 9067
276 3726 4877 2545
277 4372 9848 7139
278 6480 8948 1015
279 2882 1967 3845
280 4263 1203 617
281 981 4694 9009
282 9779 1474 181
283 1995 1929 8222
284 2123 9418 949
285 7918 3328 2146
286 993 969 7764
287 7223 4158 9731
288 7666 9597 9495
289 483 9085 338
290 8387 4043 5617
291 7081 4151 2462
292 2959 6690 3560
293 6129 9396 9202
294 3851 1062 9999
295 375 4285 6163
296 8988 9525 7896
297 7972 1933 9642
298 6387 3461 3191
299 3986 7516 9321
300 9916 860 3470
301 2971 212 8605
302 4078 3039 1413
303 9067 5878 7223
304 7942 5918 7126
305 1497 5670 6440
306 2284 4132 6577
307 4399 4031 2721
308 7370 9679 2331
309 3388 5187 2786
310 1233 6372 4018
311 7459 5993 9012
312 3340 7646 3769
313 571 1083 4503
314 9529 1776 3291
315 917 5180 191
316 9587 4016 6106
317 2004 5097 4013
318 6993 5854 9561
319 492 6997 845
320 5308 5591 4495
321 6620 5578 2772
322 5677 9725 2071
323 8077 5631 8602
324 6648 5156 3343
325 5827 9638 8414
326 1717 3991 7488
327 5963 2328 8178
328 5631 9767 4200
329 2152 2678 9507
330 1024 6475 1034
331 4431 1020 2015
332 5746 2349 6296
333 2360 877 6471
334 4510 7837 807
335 8885 2586 2646
336 7443 897 4996
337 1501 5868 5139
338 1596 3406 4056
339 9055 8826 7418
340 8307 1011 1232
341 417 927 4711
342 3073 8145 1752
343 4012 2764 6028
344 3049 5093 608
345 9671 4240 9557
346 7224 5758 9108
347 9523 920 9729
348 5337 8896 2250
349 782 3416 5417
350 6311 6935 1674
351 1758 9470 6574
352 5398 7948 4467
353 4150 2408 6023
354 1617 7586 9862
355 2466 8444 5720
356 6269 1723 6130
357 6305 1246 2848
358 6661 809 5041
359 6434 1294 6926
360 7047 1614 7819
361 3103 7368 373
362 5007 3829 7753
363 7443 1260 6756
364 270 9585 7939
365 6624 568 6376
366 5418 9073 380
367 9591 6495 8590
368 7701 4884 8110
369 7882 9093 4849
370 2205 3485 7934
371 1993 229 3526
372 7757 7024 1974
373 8760 8057 3143
374 3511 3989 3050
375 4551 911 1059
376 2667 4343 2227
377 4698 6638 6754
378 7585 7591 8699
379 6078 960 203
380 8789 3497 415
381 9910 7360 4911
382 1858 909 6383
383 729 2743 1977
384 5811 7451 1136
385 9249 8582 1460
386 8677 1185 6531
387 5321 8548 1109
388 5606 6811 6760
389 4724 3397 710
390 9109 39 4734
391 5862 7321 5973
392 5058 5034 2374
393 7720 9138 3891
394 7034 860 449
395 9219 4393 7032
396 403 9309 1111
397 9217 9562 1801
398 1438 8494 6105
399 3625 2696 5155
400 4979 5224 4469
401 2094 71 1990
402 955 3616 931
403 4691 4456 9770
404 7987 2505 7566
405 4040 3941 3009
406 9562 1325 1016
407 3671 5164 9850
408 5380 8766 5888
409 7310 1934 1089
410 6982 6973 5962
411 1842 3256 2512
412 2275 15 8619
413 7555 8180 2122
414 4146 5518 390
415 4913 4307 2792
416 5330 135 7537
417 4239 8440 1305
418 6145 5575 5515
419 4798 6000 2606
420 5441 451 9268
421 1924 2047 7398
422 5791 4572 447
423 1867 7171 1
424 5166 4536 7340
425 3261 3505 9895
426 5427 4835 2785
427 9543 5995 8829
428 6317 5636 594
429 2767 509 5448
430 7624 5808 4034
431 4819 8574 6739
432 1663 9728 5856
433 5049 8008 3665
434 7716 9567 9436
435 2634 4066 6050
436 7368 5144 9086
437 782 1673 5937
438 2629 1282 3829
439 8293 786 67
440 9364 5792 3173
441 316 6004 1877
442 4507 8867 402
443 1041 4680 5058
444 8863 7925 2551
445 1619 3792 3984
446 1569 1740 1623
447 7310 2720 6076
448 2660 2724 1107
449 9060 1865 9527
450 167 4951 6904
451 3581 9307 1590
452 9802 8702 9212
453 4970 9978 6507
454 7427 807 2038
455 7483 658 1035
456 8327 5202 5882
457 4882 8819 2171
458 1259 7410 2737
459 6240 1767 2242
460 4781 1814 9718
461 2561 5876 3942
462 331 3644 8061
463 7198 8090 2181
464 1323 8173 7717
465 3098 7578 9898
466 654 3673 6168
467 2339 167 8885
468 2785 726 4288
469 5316 5624 5005
470 7680 5257 2455
471 7829 5085 8347
472 1593 8913 5646
473 7833 3876 9444
474 1640 7967 8194
475 4569 3469 954
476 5844 2147 8030
477 9210 6369 4038
478 1398 1417 9984
479 1197 7767 4737
480 5711 2442 4022
481 1690 3119 6730
482 7156 9561 1447
483 3313 5933 7296
484 7654 4271 8329
485 8905 565 5278
486 272 2186 4539
487 5534 30 9354
488 8299 318 5149
489 8247 9980 886
490 3760 770 3299
491 7772 3916 3809
492 8275 7932 5931
493 1701 7778 3060
494 4128 4133 6777
495 1403 4756 850
496 9108 5740 6871
497 9458 6326 7040
498 4043 4289 8049
499 5159 9594 4969
500 7706 6922 2598
501 8370 6177 2261
502 7544 6975 3951
503 1359 6069 7928
504 6934 2203 9934
505 7973 4082 4093
506 1195 6102 7127
507 2010 707 8163
508 873 8444 7158
509 706 3570 6167
510 9663 9474 1622
511 1742 9299 3898
512 9632 9191 420
513 5013 8963 1581
514 57 6306 8821
515 3258 8236 5226
516 3687 1823 5213
517 9715 1177 8718
518 980 4880 9370
519 7264 5167 2878
520 5460 9419 7503
521 627 77 2998
522 3162 5482 5967
523 4498 9447 5136
524 7370 4294 1261
525 9529 2910 262
526 9414 3928 6049
527 7771 7577 3072
528 800 9812 2991
529 2783 4647 4720
530 2601 722 7056
531 6324 9023 9734
532 718 7765 5619
533 9080 704 8684
534 5049 6587 200
535 5582 9912 2887
536 8955 5973 9521
537 8467 4098 3571
538 1496 5277 7394
539 8736 8240 171
540 5655 3603 5323
541 7980 6473 9977
542 3240 1515 1732
543 7477 6016 4186
544 2301 1025 6970
545 3425 8826 1102
546 9443 8578 4770
547 924 4341 4980
548 5667 2732 4776
549 8670 4942 1632
550 8770 2652 114
551 7962 490 2140
552 805 6700 4263
553 5769 8407 4964
554 5718 6857 2641
555 6265 4091 5086
556 5620 953 7642
557 2969 7562 2208
558 5882 4647 6137
559 871 3935 561
560 3080 9382 23
561 9358 3185 3678
562 7142 9067 1728
563 5211 1308 8903
564 5987 7760 5474
565 4889 6488 8363
566 159 8130 9251
567 9848 4255 1533
568 8373 7057 857
569 8883 4600 9501
570 9619 8387 5771
571 8040 8161 6757
572 7676 5247 1617
573 1125 8405 213
574 982 4638 4135
575 728 3996 7263
576 3146 4819 8730
577 7633 4858 1613
578 9409 3217 6360
579 4159 414 3749
580 1341 7065 2292
581 4904 5115 6322
582 4051 7816 7837
583 5439 2419 5996
584 6009 3763 3810
585 8362 3260 9557
586 5597 8007 6560
587 4358 1232 6549
588 3180 9628 9210
589 6017 3445 7557
590 1436 3366 4476
591 2515 3403 1514
592 8044 3069 6415
593 2428 3362 6876
594 1026 7744 8487
595 5582 3149 1612
596 3959 4426 8166
597 9701 3641 4072
598 269 8487 3408
599 3327 7969 6024
600 9097 6857 9144
601 981 7318 6385
602 96 5562 5946
603 6949 5963 4880
604 8896 9132 7900
605 599 5466 1798
606 1340 9709 6346
607 980 2504 4
608 6262 5319 1052
609 7600 6490 8
610 3943 6107 9860
611 4448 6421 807
612 2836 2142 3695
613 7176 7185 3035
614 9939 3708 5967
615 5690 6321 1155
616 1438 1174 665
617 8093 5176 8163
618 1305 330 9848
619 974 3378 8421
620 6956 6657 3700
621 8876 4571 2743
622 254 4669 1413
623 4374 4463 3864
624 9412 6398 9800
625 9265 8538 6941
626 4398 6628 7425
627 7647 56 1176
628 2201 6534 4103
629 6688 2523 3887
630 5535 7230 6169
631 7212 747 6162
632 26 2177 5890
633 588 59 7419
634 6382 7061 4452
635 2590 8925 8757
636 874 449 6049
637 3073 4086 5067
638 7162 4965 4808
639 7868 165 9244
640 8754 1807 6698
641 4624 6399 139
642 6404 1814 1799
643 1965 6556 5863
644 9570 3971 621
645 9562 5633 1784
646 7183 8702 5651
647 2698 7773 9083
648 3870 2543 5164
649 2399 5181 8308
650 9177 886 7165
651 3431 832 1626
652 2569 8312 2509
653 4586 7250 5851
654 7822 9383 4688
655 3872 7258 8850
656 1834 8999 8881
657 6741 1160 9724
658 7391 2143 1230
659 2305 3113 8274
660 8133 8973 6695
661 8008 7812 223
662 5434 5054 9556
663 9502 9939 7521
664 1595 1432 3923
665 9007 7034 9411
666 2608 5613 3873
667 8126 5746 9973
668 2122 1598 245
669 1602 3907 4416
670 1700 6454 3271
671 4185 1762 4696
672 4222 630 5099
673 4419 9795 3033
674 8279 7842 5816
675 8708 2102 705
676 5603 1526 272
677 2527 4912 1828
678 7494 8808 5763
679 7283 6533 8304
680 6047 2205 5847
681 3695 4062 2828
682 6840 6878 9619
683 6666 5263 6549
684 2438 3756 9464
685 9869 8959 8783
686 4249 6769 8946
687 5732 3644 5454
688 6931 8961 3972
689 6329 5188 9591
690 8254 1679 5687
691 379 2365 9998
692 2116 6997 6888
693 442 524 7049
694 9471 9145 6772
695 1026 3130 1748
696 3440 690 6028
697 5383 8628 3253
698 2950 2666 7645
699 4509 8232 7796
700 5286 7949 2497
701 9112 7288 6522
702 8355 8484 6674
703 4853 605 8906
704 3145 3391 1879
705 8368 5419 5565
706 3568 6043 529
707 867 3629 5977
708 348 8622 8790
709 1933 3981 3471
710 3752 3423 3850
711 3710 8635 7953
712 8773 5916 8462
713 1192 148 3951
714 7787 6925 340
715 904 6381 139
716 4508 5475 9509
717 314 8799 4776
718 787 1844 9778
719 7162 5598 2056
720 574 4705 2006
721 4790 6917 3797
722 8211 417 9533
723 8810 7006 5134
724 9655 7199 9439
725 149 4042 7990
726 6790 6018 1494
727 1106 4303 310
728 2480 6836 2872
729 3460 4901 4802
730 3975 8299 8092
731 3986 2566 4933
732 9318 4822 4970
733 917 5451 3474
734 3600 6006 5287
735 3106 9933 2428
736 9501 4375 5229
737 3386 8475 1356
738 3945 5993 8402
739 2008 1235 6326
740 6931 4856 1537
741 4135 333 3969
742 9405 1573 9191
743 2111 8918 2124
744 301 8518 1775
745 1779 6880 9009
746 8752 3837 3762
747 3793 5431 3439
748 8164 8693 6958
749 3145 1411 7379
750 3759 1544 3649
751 5455 1629 9185
752 5505 2060 5606
753 726 4139 2289
754 7882 3448 1781
755 7281 3169 8569
756 8574 3994 7860
757 4384 2619 3987
758 4079 9183 4918
759 3696 4601 3172
760 6120 4093 9462
761 709 8369 4796
762 299 6931 5736
763 4592 96 1509
764 4523 5476 5116
765 95 7613 6325
766 1070 2999 1771
767 3566 9134 1699
768 826 7209 4729
769 875 451 2487
770 4353 267 8067
771 6952 2078 7558
772 983 5431 5180
773 844 2535 693
774 9882 6606 5168
775 271 8078 7027
776 9732 5594 2803
777 971 2485 496
778 9507 230 7171
779 8471 4585 2526
780 9542 668 6632
781 6667 972 3353
782 5336 861 1383
783 5424 6655 5822
784 973 4923 8725
785 903 1823 9702
786 9049 6918 8098
787 3570 9421 4168
788 7598 3947 6592
789 1472 4614 6650
790 3300 433 4033
791 2779 5548 7300
792 2413 2612 6007
793 2791 600 4800
794 6972 4869 1392
795 264 5332 5356
796 8595 6951 9758
797 9720 6891 2050
798 5698 8364 7790
799 9417 658 1471
800 5076 2070 5592
801 4443 1197 9778
802 1611 9402 7322
803 2570 1291 3916
804 496 5756 5554
805 6094 2866 4296
806 8155 5329 2806
807 1626 3034 6238
808 4336 3431 277
809 3830 1213 2191
810 1251 1858 8937
811 6488 328 9257
812 6433 9141 2685
813 6274 7265 5544
814 6558 5755 9588
815 8136 7674 8912
816 9886 9932 2210
817 4591 9755 2679
818 1732 8473 2557
819 1171 6199 2746
820 19 4396 2779
821 9922 5918 1281
822 7111 6014 9694
823 9348 6772 6168
824 2876 4073 6885
825 3819 3922 4894
826 7662 4768 9751
827 5589 1946 1441
828 8238 3816 9716
829 93 54 6142
830 5538 9519 5816
831 287 5179 4030
832 1 2055 7228
833 6777 9449 7238
834 1413 1983 9431
835 1773 1400 3697
836 7969 87 3312
837 6317 7775 7593
838 5326 9760 5630
839 2628 1602 8001
840 9252 2514 9615
841 4561 7182 5396
842 3120 7432 5773
843 2217 9118 613
844 3569 8265 3982
845 1210 9614 1575
846 5209 8357 2969
847 8084 2541 9344
848 7381 6068 5897
849 98 1312 1137
850 9617 2056 6315
851 5412 1204 3936
852 1384 7326 8005
853 8302 103 7824
854 392 1072 970
855 2236 4241 3668
856 4607 3410 9586
857 1545 6036 3615
858 1399 193 8414
859 9297 1647 2029
860 5656 7452 5647
861 6507 2410 9145
862 4074 3654 3589
863 7172 2314 9880
864 9711 2815 6304
865 5580 7394 3797
866 9730 4720 2620
867 9258 2976 3816
868 3931 5528 2035
869 1324 2844 7759
870 2780 7303 4036
871 3881 579 4834
872 1745 6457 3724
873 9305 3881 1782
874 8932 4635 11
875 7264 8816 1950
876 5184 3641 4929
877 4122 6714 9577
878 2866 2712 7558
879 2834 6601 2661
880 6772 8997 3857
881 7065 1753 7726
882 5248 4594 4204
883 5992 3333 2785
884 7920 9887 3531
885 2732 4484 3465
886 3623 7419 6038
887 2627 5562 3134
888 4716 1441 5204
889 6259 7979 2227
890 4655 8783 5066
891 1642 4974 3119
892 5380 8260 4055
893 533 5622 5099
894 4980 7230 8866
895 3717 1849 2742
896 7569 7022 3809
897 811 6748 2707
898 8565 8379 9310
899 1599 7057 6684
900 6207 6260 4059
901 1349 401 5647
902 983 7890 3831
903 5423 2635 1099
904 8320 2271 4630
905 7993 1425 6473
906 6396 8318 6007
907 2645 7360 4508
908 7716 2607 9037
909 8269 1738 1529
910 2425 4148 9903
911 4109 645 7960
912 9518 3125 6864
913 5270 8359 8281
914 6574 606 6292
915 5711 6798 325
916 7613 905 7802
917 1400 3432 8504
918 7368 2194 2260
919 8724 5863 378
920 8042 5653 5190
921 3545 1029 2890
922 9370 9048 5748
923 4089 3952 7352
924 2054 4048 8812
925 9783 8641 2004
926 6405 1491 2865
927 3128 5853 9666
928 5859 8094 5328
929 9271 7411 2121
930 5502 1628 9272
931 3385 7861 1747
932 894 3360 6807
933 2409 625 6840
934 8518 65 2648
935 4181 7181 4902
936 7431 9680 6419
937 9746 2572 9100
938 1664 2405 7841
939 3477 76 8154
940 4940 4460 2585
941 8006 7153 3770
942 5951 6366 9912
943 4320 3338 7266
944 5777 6101 1439
945 6611 5084 6142
946 688 9054 6978
947 6615 8427 9961
948 5100 6255 7008
949 94 3371 4103
950 8960 9936 3186
951 1735 1205 996
952 5012 6501 6607
953 2776 4061 7408
954 6941 1698 9653
955 2785 8508 8253
956 7844 4626 8385
957 4163 9980 6824
958 208 473 111
959 3554 1499 8062
960 9402 4733 8812
961 1662 5070 4777
962 394 9734 2899
963 7147 4230 9486
964 5975 9181 7646
965 1198 3924 2098
966 814 5180 7068
967 5573 8715 9383
968 5470 977 1558
969 7058 435 2077
970 7071 6922 5357
971 191 8019 8092
972 4487 4908 6868
973 4155 5484 2619
974 5707 4042 9762
975 3519 5630 1233
976 5088 7802 8628
977 7311 8639 2761
978 2316 5836 2073
979 5920 6137 7084
980 1015 7551 2537
981 9666 6858 6063
982 111 767 9462
983 1316 5654 912
984 5868 2675 6669
985 8391 8729 4097
986 5455 843 8211
987 7263 3660 5362
988 2995 8923 8932
989 6849 5150 8666
990 8909 5139 1582
991 7063 1526 1879
992 315 261 3076
993 7373 5917 939
994 4533 6923 5871
995 38 6238 2574
996 5551 6948 7625
997 5889 3570 7449
998 3175 1242 8408
999 3639 2694 4257
1000 3520 4386 1128
1001 7268 89 13
1002 1462 -31 -28
1003 9908 47 13
1004 4219 -42 -33
1005 4495 79 42
1006 4506 -79 -7
1007 8779 33 48
1008 3357 -72 -54
1009 8170 6 88
1010 553 -64 -65
1011 3494 9 92
1012 3548 -21 -34
1013 588 1 49
1014 9155 -18 -73
1015 8083 34 36
1016 8375 -66 -53
1017 3966 12 98
1018 2189 0 -45
1019 5842 62 28
1020 3074 -45 -9
1021 1425 29 92
1022 2007 -45 -50
1023 8154 6 26
1024 1171 -64 -26
1025 9467 42 50
1026 1433 -84 -31
1027 8241 2 30
1028 7314 -26 -55
1029 9124 25 71
1030 1877 -99 -60
1031 6981 38 88
1032 2717 -26 -61
1033 1575 73 77
1034 208 -55 -88
1035 1146 17 36
1036 8890 -60 -45
1037 4270 82 86
1038 3732 -42 -10
1039 2389 98 20
1040 498 -97 -66
1041 7474 87 5
1042 8863 -91 -33
1043 2790 19 75
1044 9728 -1 -69
1045 1136 0 51
1046 2866 -87 -11
1047 4489 11 93
1048 6143 -65 -91
1049 1960 80 17
1050 9227 -75 -9
1051 9426 27 41
1052 5840 -18 -23
1053 720 8 59
1054 1914 -50 -35
1055 3554 25 1
1056 9015 -52 -52
1057 5454 64 31
1058 2734 -25 -4
1059 3710 54 62
1060 3084 -4 -88
1061 1148 31 97
1062 6430 0 -52
1063 8301 4 84
1064 3767 -84 -96
1065 1383 67 88
1066 9126 -8 -18
1067 9115 66 59
1068 112 -99 -24
1069 1806 37 94
1070 4025 -92 -62
1071 39 36 55
1072 5201 -41 -90
1073 3789 77 75
1074 6116 -50 -88
1075 261 74 54
1076 7658 -62 -38
1077 6764 21 14
1078 2787 -4 -45
1079 4659 17 30
1080 290 -47 -98
1081 3054 79 67
1082 1866 -22 -42
1083 1706 65 22
1084 9265 -52 -20
1085 6955 80 61
1086 5592 -96 -61
1087 8403 33 67
1088 5295 -32 -4
1089 8227 76 59
1090 1905 -35 -87
1091 4057 83 84
1092 4373 -57 -90
1093 3721 54 25
1094 4626 -37 -21
1095 406 88 2
1096 3205 -47 -55
1097 453 13 9
1098 4129 -38 -20
1099 9178 14 56
1100 9767 -43 -10
1101 4507 22 76
1102 3657 -3 -7
1103 8647 69 89
1104 1499 -12 -63
1105 8431 55 27
1106 6869 -2 -98
1107 5267 86 16
1108 7948 -37 -77
1109 3305 16 32
1110 687 -54 -59
1111 8339 1 12
1112 1988 -19 -90
1113 8633 28 77
1114 2982 -47 -71
1115 7395 2 0
1116 3402 -1 -46
1117 2307 23 17
1118 1258 -83 -40
1119 8671 89 90
1120 6271 -2 -38
1121 9303 30 53
1122 8721 -96 -66
1123 173 91 87
1124 9905 -5 -93
1125 943 73 86
1126 6421 -75 -72
1127 8060 67 81
1128 9210 -22 -60
1129 9127 45 37
1130 2843 -19 -39
1131 9243 20 47
1132 5567 -43 -54
1133 7425 86 22
1134 3919 -48 -31
1135 618 79 36
1136 6366 -95 -69
1137 3762 95 37
1138 7830 -90 -41
1139 6344 0 59
1140 3049 -6 -36
1141 5058 0 88
1142 3895 -66 -59
1143 5990 31 6
1144 8248 -64 -54
1145 5512 1 42
1146 5294 -95 -25
1147 3822 14 72
1148 6344 -62 -95
1149 2566 81 71
1150 3137 -57 -30
1151 2232 7 0
1152 6306 -48 -67
1153 8949 21 27
1154 5453 -23 -13
1155 9878 37 22
1156 9554 -75 -90
1157 3294 57 7
1158 9416 -7 -21
1159 3989 52 18
1160 1799 -89 -65
1161 3072 87 5
1162 3301 -93 -22
1163 7294 43 42
1164 9344 -94 -22
1165 4319 46 60
1166 4281 -24 -9
1167 5955 33 46
1168 7385 -74 -60
1169 4519 65 44
1170 7392 -24 -13
1171 8987 64 39
1172 7349 -71 -63
1173 6470 53 65
1174 3923 -73 -94
1175 9318 95 60
1176 5892 -60 -54
1177 4590 98 2
1178 5981 -60 -31
1179 5719 26 91
1180 9356 -29 -90
1181 4377 76 29
1182 2100 -62 -82
1183 6411 56 25
1184 241 -66 -95
1185 4853 31 8
1186 5526 -40 -7
1187 6184 66 48
1188 4631 -21 -71
1189 5413 19 79
1190 1191 -34 -11
1191 8628 55 41
1192 7754 -60 -45
1193 2705 39 75
1194 8867 -19 -73
1195 3301 88 52
1196 7612 -9 -76
1197 9485 15 49
1198 4455 -62 -46
1199 6608 96 67
1200 2852 -68 -86
1201 3445 7 67
1202 6508 -43 -60
1203 2467 98 74
1204 8338 -32 -45
1205 5242 20 58
1206 1440 -14 -48
1207 4813 33 0
1208 1447 -51 -30
1209 5499 41 78
1210 6445 -61 -6
1211 9919 9 10
1212 9973 -38 -85
1213 2965 72 57
1214 3122 -18 -93
1215 6481 51 52
1216 1713 -22 -42
1217 4186 27 18
1218 3210 -54 -24
1219 8079 95 54
1220 221 -23 -94
1221 9131 81 45
1222 542 -13 -31
1223 4080 19 26
1224 5173 -28 -80
1225 7803 71 99
1226 9477 -51 -82
1227 9901 9 3
1228 7041 -8 -84
1229 204 29 32
1230 3767 -94 -13
1231 7830 8 77
1232 5724 -70 -38
1233 3916 34 38
1234 9418 -94 -29
1235 9968 85 37
1236 680 -30 -97
1237 4124 74 84
1238 3549 -53 -82
1239 535 26 56
1240 9408 -99 -42
1241 8110 73 73
1242 6153 -70 -2
1243 3191 70 52
1244 911 -3 -96
1245 3372 44 40
1246 1483 -82 -31
1247 8999 19 25
1248 9508 -85 -19
1249 6356 81 17
1250 1743 -67 -66
1251 3031 68 80
1252 9983 -59 -61
1253 1688 76 1
1254 9794 -13 -73
1255 4378 73 72
1256 3218 -78 -7
1257 6967 68 27
1258 3280 -64 -60
1259 3705 27 37
1260 1156 -2 -2
1261 6262 34 47
1262 989 -72 -24
1263 379 3 71
1264 6732 -34 -58
1265 3095 88 24
1266 9680 -53 -18
1267 3589 60 52
1268 9409 -74 -62
1269 9289 19 78
1270 5394 -26 -4
1271 909 74 57
1272 9271 -10 -74
1273 1471 33 24
1274 5575 -70 -17
1275 2296 66 71
1276 5498 -63 -17
1277 6295 88 15
1278 2801 -58 -30
1279 2195 76 90
1280 8825 -58 -79
1281 5289 39 32
1282 9991 -71 -77
1283 7633 97 34
1284 135 -42 -31
1285 35 25 15
1286 9451 -40 -22
1287 3248 23 91
1288 8912 -17 -68
1289 2508 62 24
1290 9084 -69 -40
1291 993 44 11
1292 8147 -92 -41
1293 3584 32 25
1294 5597 -99 -20
1295 6297 78 60
1296 7428 -30 -30
1297 486 15 19
1298 8240 -76 -9
1299 5768 74 49
1300 3923 -71 -33
1301 5752 23 4
1302 2008 -49 -32
1303 5669 5 40
1304 3127 -60 -79
1305 5062 26 51
1306 3939 -15 0
1307 6813 92 41
1308 8385 -34 -88
1309 5108 68 20
1310 2263 -2 -8
1311 7062 2 71
1312 2076 -2 -32
1313 9714 58 70
1314 7728 -46 -22
1315 1069 55 73
1316 3957 -74 -7
1317 8914 13 46
1318 2459 -79 -37
1319 7580 95 59
1320 2924 -30 -21
1321 7979 61 24
1322 7081 -86 -84
1323 907 24 73
1324 9500 -61 -54
1325 2232 30 30
1326 1952 -94 -98
1327 2014 36 14
1328 6583 -94 -81
1329 5564 83 78
1330 7577 -48 -60
1331 7254 31 91
1332 2236 -95 -62
1333 3171 18 88
1334 7094 -11 -98
1335 2691 88 79
1336 2278 -82 -63
1337 2216 46 58
1338 6924 -20 -23
1339 2437 24 97
1340 1990 -75 -53
1341 6050 4 61
1342 5630 -46 -65
1343 765 41 60
1344 9645 -49 -42
1345 3998 9 24
1346 3853 -18 -61
1347 2108 48 41
1348 8997 -42 -2
1349 3084 82 2
1350 9733 -47 -56
1351 4588 27 78
1352 2346 -54 -67
1353 7477 8 74
1354 5245 -91 -92
1355 4015 10 22
1356 15 -51 -93
1357 3710 46 54
1358 8068 -88 -57
1359 8843 69 26
1360 6851 -54 -9
1361 7733 13 97
1362 696 -50 -94
1363 1720 66 81
1364 7264 -71 -9
1365 7411 68 92
1366 8679 -44 -66
1367 3645 28 20
1368 4746 -17 -38
1369 9587 25 26
1370 5612 -58 -1
1371 6144 99 9
1372 4999 -39 -48
1373 120 12 24
1374 4871 -50 -97
1375 5557 97 43
1376 1017 -42 -18
1377 4015 90 86
1378 8008 0 -68
1379 5564 57 17
1380 3112 -10 -87
1381 3037 66 58
1382 1237 -44 -19
1383 7954 3 49
1384 2889 -92 -62
1385 394 87 97
1386 7799 -52 -60
1387 3814 45 76
1388 7911 -22 -9
1389 7545 18 11
1390 1041 -59 -63
1391 2133 98 21
1392 5287 -48 -94
1393 6917 57 28
1394 1675 -78 -50
1395 4926 41 73
1396 8438 -10 -31
1397 8422 52 92
1398 3439 -49 -55
1399 6056 3 79
1400 592 -32 -85
1401 1600 0 47
1402 325 -26 -3
1403 4040 58 68
1404 4819 -1 -47
1405 5826 56 84
1406 3388 -16 -95
1407 1880 69 76
1408 3841 -83 -92
1409 2326 42 59
1410 2725 -89 -68
1411 4926 82 64
1412 265 -8 -86
1413 4614 98 61
1414 744 -65 -90
1415 7926 1 82
1416 7746 -95 -41
1417 5200 98 16
1418 1918 -66 -10
1419 9942 43 85
1420 1225 -4 -82
1421 6250 19 31
1422 7819 -40 -6
1423 3924 85 18
1424 3250 -31 -84
1425 2458 67 29
1426 3629 -73 -91
1427 5020 63 35
1428 2920 -20 -7
1429 3455 57 49
1430 9554 -90 -63
1431 7224 82 21
1432 1940 -27 -80
1433 550 79 51
1434 2517 -50 -66
1435 9462 55 76
1436 2698 -9 -4
1437 8267 73 10
1438 9852 -60 -52
1439 9462 7 55
1440 9960 -53 -88
1441 4355 55 47
1442 2339 -14 -60
1443 7772 94 46
1444 7750 -42 -97
1445 2465 4 72
1446 5454 -86 -87
1447 7968 65 65
1448 2926 -55 -21
1449 5253 16 34
1450 8847 -61 -80
1451 9190 96 37
1452 1665 -10 -59
1453 6964 64 62
1454 1119 -92 -71
1455 9367 89 42
1456 6092 -80 -79
1457 6468 43 12
1458 2930 -13 -84
1459 9187 9 11
1460 3429 -86 -51
1461 8747 29 0
1462 1589 -76 -44
1463 5771 62 0
1464 8983 -99 -97
1465 8987 32 45
1466 904 -56 -40
1467 8967 60 78
1468 7727 -10 -71
1469 4116 57 67
1470 4823 -46 -16
1471 806 54 28
1472 3178 -15 -34
1473 6049 91 27
1474 7615 -28 -29
1475 1671 51 10
1476 2286 -49 -50
1477 6937 8 21
1478 3250 -87 -62
1479 5417 3 12
1480 353 -27 -64
1481 8139 10 80
1482 8453 -77 -44
1483 9070 32 37
1484 3625 -19 -8
1485 1293 95 14
1486 6399 -4 -86
1487 4134 52 91
1488 2464 -43 -79
1489 200 4 3
1490 2238 -30 -25
1491 2793 73 27
1492 86 -34 -33
1493 1905 92 13
1494 5800 -11 -98
1495 3558 39 18
1496 6344 -41 -76
1497 6839 1 9
1498 5535 -44 -55
1499 4354 66 69
1500 5197 -13 -96
1501 1141 94 38
1502 6744 -89 -86
1503 4553 90 58
1504 2421 -92 -3
1505 299 75 52
1506 9085 0 -61
1507 3212 61 51
1508 8177 -20 -78
1509 3973 32 48
1510 6122 -15 -3
1511 3713 13 26
1512 2542 -18 -38
1513 9668 88 64
1514 4196 -69 -40
1515 8941 2 27
1516 6138 -46 -87
1517 7413 32 25
1518 6672 -66 -78
1519 8483 93 70
1520 456 -16 -93
1521 6786 53 53
1522 7803 -61 -89
1523 9909 29 68
1524 776 -29 -31
1525 480 48 71
1526 3664 -64 -3
1527 1838 22 31
1528 446 -93 -11
1529 372 87 95
1530 4005 -77 -37
1531 9849 14 24
1532 2548 -83 -47
1533 5865 30 73
1534 7564 -93 -40
1535 9500 59 25
1536 3348 -48 -72
1537 1845 18 76
1538 6242 -96 -16
1539 2726 30 84
1540 3769 -27 -97
1541 2698 49 87
1542 5997 -27 -70
1543 9895 13 86
1544 2787 -21 -48
1545 148 64 45
1546 8380 -8 -70
1547 8655 24 1
1548 7966 -4 -64
1549 1859 72 96
1550 9742 -53 -9
1551 7613 18 6
1552 1234 -67 -67
1553 4890 57 75
1554 8385 -51 -70
1555 9245 25 30
1556 7806 -15 -99
1557 5504 51 77
1558 257 -28 -44
1559 831 53 71
1560 7572 -96 -35
1561 425 61 54
1562 2489 -90 -95
1563 8104 52 96
1564 6917 -41 -71
1565 2342 77 89
1566 795 -3 -47
1567 4795 42 45
1568 7217 -61 -43
1569 7636 21 7
1570 5872 -34 -91
1571 1159 81 26
1572 545 -90 -97
1573 364 3 7
1574 195 -44 -11
1575 3480 60 18
1576 2682 -26 -68
1577 4546 17 32
1578 4447 -11 0
1579 7824 92 65
1580 9509 -59 -65
1581 2052 88 68
1582 837 -66 -44
1583 9538 3 76
1584 6409 -68 -37
1585 8918 43 35
1586 5045 -14 -93
1587 106 18 84
1588 4257 -63 -35
1589 9674 68 75
1590 4266 -18 -68
1591 8037 72 88
1592 3557 0 -73
1593 2672 82 41
1594 7301 -96 -35
1595 211 10 63
1596 5272 -46 -14
1597 8961 64 70
1598 7880 -33 -84
1599 8727 94 51
1600 951 -71 -57
1601 3736 82 43
1602 522 -98 -13
1603 1990 18 97
1604 7923 -48 -10
1605 5451 45 98
1606 2144 -19 -39
1607 3347 5 62
1608 7859 -63 -28
1609 5863 28 63
1610 5360 -19 -72
1611 3162 31 5
1612 7225 -61 -16
1613 7815 58 5
1614 5205 -9 -92
1615 85 86 19
1616 238 -12 -22
1617 5762 47 18
1618 9206 -19 -6
1619 6985 42 30
1620 5846 -56 -82
1621 9689 75 67
1622 9051 -74 -73
1623 2275 66 25
1624 1120 -95 -66
1625 8567 84 57
1626 3150 -62 -59
1627 2429 71 58
1628 1263 -37 -35
1629 5119 84 94
1630 8097 -26 -98
1631 950 16 63
1632 2959 -73 -68
1633 6769 6 90
1634 2090 -90 -60
1635 4507 63 58
1636 1351 -42 -57
1637 7754 94 94
1638 258 -32 -64
1639 7422 53 65
1640 59 -77 0
1641 5020 71 36
1642 6160 -75 -75
1643 7075 4 70
1644 6158 -54 -58
1645 9554 93 60
1646 8347 -15 -70
1647 20 1 89
1648 3272 -31 -81
1649 1601 33 25
1650 3232 -97 -92
1651 5254 0 75
1652 4318 -88 -2
1653 9522 23 15
1654 2303 -6 -59
1655 1282 27 69
1656 2480 -73 -4
1657 8713 11 50
1658 5860 -56 -50
1659 8064 15 4
1660 6364 -26 -92
1661 8279 31 78
1662 7909 -46 -40
1663 4544 41 11
1664 4775 -30 -66
1665 7237 51 50
1666 4917 0 -58
1667 2321 80 9
1668 301 -87 -64
1669 3661 44 13
1670 8328 -50 0
1671 8921 89 60
1672 8412 -59 -14
1673 4172 73 88
1674 4790 -8 -93
1675 4191 13 62
1676 9349 -39 -69
1677 7375 36 99
1678 6295 -94 -54
1679 367 67 96
1680 78 -43 -24
1681 3846 21 61
1682 4489 -10 -62
1683 7499 86 10
1684 2464 -61 -5
1685 3893 17 7
1686 5054 -3 -37
1687 3570 21 15
1688 5810 -64 -35
1689 9027 69 11
1690 657 -2 -21
1691 600 60 35
1692 6735 -6 -88
1693 705 49 32
1694 8176 -30 -21
1695 7867 2 93
1696 3745 -1 -84
1697 2369 46 77
1698 195 -44 0
1699 4564 28 3
1700 502 0 -75
1701 8732 3 41
1702 507 -83 -79
1703 60 87 95
1704 6260 -74 -92
1705 4319 80 36
1706 2822 -78 -57
1707 8172 19 70
1708 2908 -86 -24
1709 6797 6 0
1710 7009 -43 -86
1711 4002 82 92
1712 1660 -73 -42
1713 3051 15 82
1714 6011 -44 -62
1715 2724 69 14
1716 4902 -70 -65
1717 9942 0 65
1718 1532 -36 -92
1719 9513 99 41
1720 9862 0 -9
1721 7509 90 88
1722 4643 -37 -42
1723 7448 90 65
1724 2876 -76 -64
1725 674 47 94
1726 1422 -83 -40
1727 9308 31 77
1728 7396 -84 -47
1729 2003 53 85
1730 1667 -33 -83
1731 982 43 56
1732 6954 -80 -31
1733 5056 29 8
1734 328 -89 -40
1735 2039 51 37
1736 4554 -26 -98
1737 690 23 91
1738 4767 -37 -78
1739 3303 71 90
1740 5453 -55 -54
1741 1149 15 78
1742 8566 -90 -23
1743 8483 44 70
1744 745 -86 -79
1745 3805 36 22
1746 7116 -91 -20
1747 4903 47 72
1748 2568 -66 -43
1749 9413 47 9
1750 8817 -4 -82
1751 9666 99 5
1752 8814 -87 -23
1753 6863 9 74
1754 9735 -49 -17
1755 2869 24 25
1756 2363 -35 -85
1757 2927 3 17
1758 1257 -56 -84
1759 4250 59 87
1760 5958 -94 -2
1761 3173 29 54
1762 3555 -91 -5
1763 150 28 8
1764 8253 -26 -11
1765 9541 84 94
1766 6692 -66 -10
1767 8479 25 66
1768 3826 -56 -15
1769 6621 47 36
1770 7220 -6 -56
1771 8271 98 63
1772 2076 -49 -32
1773 1866 17 20
1774 6352 -87 -10
1775 2106 12 91
1776 5538 -39 -33
1777 7039 72 44
1778 6430 -99 -52
1779 9270 22 6
1780 2552 -31 -59
1781 2940 33 44
1782 3170 -72 -64
1783 814 34 0
1784 3941 -50 -31
1785 7523 88 39
1786 9784 -3 -7
1787 2498 94 52
1788 610 -89 -58
1789 2447 77 64
1790 3843 -13 -84
1791 5461 8 6
1792 1432 -73 -30
1793 493 84 41
1794 5515 -32 0
1795 694 96 75
1796 3383 -98 -56
1797 4572 12 39
1798 8379 -96 -65
1799 200 76 59
1800 3537 -75 -39
1801 9487 75 78
1802 2435 -58 -92
1803 3938 48 36
1804 1173 -90 -7
1805 9225 58 60
1806 2847 -84 -43
1807 8062 25 56
1808 2230 -24 -19
1809 9877 81 25
1810 1370 -25 -89
1811 254 35 6
1812 8562 -97 -92
1813 5436 49 71
1814 7429 -64 -41
1815 6952 37 68
1816 2221 -7 -52
1817 3001 52 17
1818 9941 -31 -36
1819 6742 76 9
1820 7448 -9 -45
1821 4164 63 68
1822 5588 -94 -58
1823 5077 59 74
1824 3100 -7 -34
1825 8199 35 85
1826 6540 -2 -51
1827 7357 79 19
1828 7277 -82 -95
1829 8585 68 59
1830 2328 -54 -40
1831 2282 40 0
1832 8462 -20 -3
1833 4834 98 48
1834 6217 -73 -74
1835 4367 85 60
1836 9264 -18 -43
1837 2386 46 81
1838 5570 -29 0
1839 9589 47 76
1840 5236 -9 -18
1841 640 13 35
1842 649 -96 -14
1843 6636 45 57
1844 2149 -4 -6
1845 5263 36 5
1846 9594 -97 -45
1847 131 29 91
1848 7989 -88 -10
1849 5257 86 99
1850 4771 -26 -50
1851 2160 49 8
1852 111 -18 -77
1853 45 98 38
1854 4211 -25 -23
1855 7980 3 79
1856 2959 -29 -69
1857 8012 2 8
1858 758 -85 -99
1859 8052 77 25
1860 6103 -1 -81
1861 172 48 90
1862 2395 -63 -83
1863 2917 99 71
1864 8850 -76 -50
1865 6926 27 58
1866 8864 -46 -12
1867 5027 0 56
1868 9661 -8 -47
1869 8953 5 92
1870 315 -18 -40
1871 2728 76 62
1872 8522 -14 -42
1873 1615 53 94
1874 9731 -76 -63
1875 3282 94 75
1876 8990 -58 -90
1877 286 21 17
1878 3874 -34 -75
1879 1494 5 34
1880 5147 -56 -87
1881 3940 84 48
1882 7112 -24 -49
1883 9213 91 9
1884 8179 -31 -54
1885 9404 52 58
1886 2295 -38 -93
1887 8921 56 24
1888 74 -46 -23
1889 1794 64 36
1890 3351 -15 -41
1891 5369 53 58
1892 1307 -80 -81
1893 7677 97 71
1894 5592 -53 -26
1895 5766 18 3
1896 5483 -45 -53
1897 8350 52 82
1898 4870 -1 -41
1899 966 49 7
1900 2914 -46 -3
1901 1614 64 64
1902 4797 -76 -92
1903 6896 57 31
1904 57 -12 -53
1905 5311 79 73
1906 184 -36 -41
1907 6646 67 21
1908 3676 -99 -14
1909 5584 81 14
1910 9135 -59 -32
1911 6187 77 44
1912 8748 -36 -62
1913 6350 64 8
1914 598 -2 -77
1915 411 95 15
1916 4446 -98 -91
1917 8340 65 24
1918 9045 -20 -6
1919 4742 86 64
1920 7641 -7 -17
1921 7730 1 67
1922 6711 -10 -73
1923 1592 33 60
1924 7160 -29 0
1925 8998 29 40
1926 2558 -27 -89
1927 2742 34 23
1928 7772 -73 -10
1929 4963 48 9
1930 546 -57 -54
1931 491 78 50
1932 5268 -14 -67
1933 5032 36 82
1934 7729 -89 -71
1935 9583 6 63
1936 6345 -2 -73
1937 1614 61 43
1938 7522 -33 -56
1939 8983 24 64
1940 6908 -51 -2
1941 9042 27 90
1942 8256 -94 -67
1943 9782 99 22
1944 9407 -76 -72
1945 7343 34 25
1946 9366 -6 -57
1947 6079 66 37
1948 5167 -99 -48
1949 7127 39 4
1950 3919 -86 -26
1951 1845 25 35
1952 8607 -38 -85
1953 4223 86 80
1954 4207 -44 -77
1955 6277 98 82
1956 9970 -32 -53
1957 985 55 59
1958 6939 -10 -28
1959 1907 82 43
1960 1726 -63 -21
1961 218 44 24
1962 3847 -7 -50
1963 3796 39 95
1964 8791 -63 -92
1965 3671 73 8
1966 6843 -79 -29
1967 1768 68 18
1968 6804 -28 -64
1969 3013 30 29
1970 245 -14 -80
1971 3395 64 7
1972 6469 -8 -98
1973 6098 19 66
1974 8920 -51 -1
1975 6279 83 39
1976 1546 -76 -97
1977 2323 88 16
1978 2795 -47 -2
1979 5167 14 85
1980 1468 -90 -83
1981 9999 91 90
1982 3183 -9 -88
1983 1684 62 81
1984 252 -47 -23
1985 2882 25 17
1986 9646 -9 -35
1987 2512 85 32
1988 8886 -28 -87
1989 3677 35 87
1990 8874 -84 -52
1991 3922 85 4
1992 4284 -4 -62
1993 8970 6 71
1994 3413 -74 -83
1995 1124 10 45
1996 3599 -94 -96
1997 1882 26 40
1998 2226 -94 -53
1999 9979 58 65
2000 989 -73 -80
2001 9271 42 64
2002 8089 -15 -11
2003 6717 57 28
2004 6364 -23 -37
2005 9532 41 55
2006 1635 -53 -66
2007 5435 91 20
2008 5902 -82 -22
2009 8067 92 82
2010 8005 -15 -74
2011 7375 37 0
2012 7495 -94 -81
2013 2886 44 89
2014 6896 -61 -25
2015 8848 91 86
2016 3474 -27 -18
2017 3187 4 65
2018 8433 -34 -86
2019 6672 41 69
2020 174 -48 -98
2021 3845 74 6
2022 1392 -79 -58
2023 7481 37 76
2024 6407 -89 -11
2025 2419 7 97
2026 3579 -5 -54
2027 9849 71 77
2028 9351 -25 -76
2029 4799 92 81
2030 9102 -32 -47
2031 6492 74 93
2032 8464 -85 -83
2033 3504 65 93
2034 2635 -67 0
2035 8621 1 62
2036 3431 -23 -47
2037 4857 26 43
2038 3211 -6 -6
2039 3797 43 73
2040 8570 -3 -38
2041 8928 20 61
2042 6972 -64 -82
2043 1530 47 19
2044 6214 -71 -77
2045 6942 64 74
2046 3061 -23 -5
2047 1180 0 80
2048 4378 -78 -15
2049 720 42 48
2050 8516 -30 -20
2051 5391 26 17
2052 5074 -83 -50
2053 9447 8 59
2054 7015 -89 -88
2055 2923 63 62
2056 7151 -7 -6
2057 7388 66 32
2058 9957 -71 -25
2059 9489 47 6
2060 9625 -48 -29
2061 9134 92 28
2062 8344 -99 -1
2063 1421 20 76
2064 1995 -72 -82
2065 7724 83 2
2066 5250 -85 -28
2067 1806 7 13
2068 3442 -21 -89
2069 632 44 96
2070 7497 -57 -84
2071 3908 38 26
2072 8241 -69 -41
2073 6692 63 64
2074 9000 -9 -49
2075 3241 22 64
2076 5986 -87 -56
2077 1152 88 29
2078 8972 -81 -54
2079 6966 36 17
2080 6945 -70 -62
2081 4609 2 11
2082 83 -97 -87
2083 451 94 1
2084 4028 -82 -43
2085 9970 50 88
2086 1105 -79 -19
2087 4381 90 78
2088 8766 -51 -29
2089 4987 98 47
2090 972 -19 -79
2091 4968 79 62
2092 9757 -34 -69
2093 4319 96 39
2094 6703 -90 -62
2095 825 82 42
2096 6570 -90 -12
2097 8358 93 86
2098 4575 -39 -16
2099 6554 57 65
2100 5948 -35 -51
2101 2799 8 0
2102 2151 -86 -93
2103 5976 29 25
2104 6405 -39 -19
2105 9199 58 76
2106 141 -2 -58
2107 7121 61 35
2108 7392 -15 -91
2109 9971 14 85
2110 7106 -76 -72
2111 2356 97 3
2112 9602 -43 -99
2113 3985 32 32
2114 8732 -80 -28
2115 6718 19 68
2116 485 -45 -7
2117 1186 98 42
2118 9388 -74 -19
2119 568 97 49
2120 3056 -86 -46
2121 3464 31 8
2122 7822 -42 -24
2123 8558 29 13
2124 6699 -65 -25
2125 6269 56 79
2126 2746 -24 -70
2127 5080 7 64
2128 9454 -95 -54
2129 9910 37 59
2130 1389 -90 -80
2131 521 94 41
2132 719 -81 -83
2133 8281 0 90
2134 2368 -51 -91
2135 6785 43 1
2136 8099 -67 -78
2137 4942 59 95
2138 6732 -77 -15
2139 2475 17 60
2140 7745 -8 -31
2141 188 61 30
2142 6407 -51 -33
2143 2292 30 38
2144 1926 0 -21
2145 9254 67 21
2146 9076 -73 -33
2147 2012 37 10
2148 3881 -89 -67
2149 9668 12 87
2150 77 -7 -23
2151 8014 12 94
2152 6015 -98 -79
2153 5600 92 57
2154 6255 -23 -89
2155 6637 61 52
2156 8608 -60 -82
2157 8007 2 79
2158 2130 -83 -97
2159 9876 43 53
2160 9913 -47 -30
2161 499 77 92
2162 2167 -41 -54
2163 4453 50 80
2164 3207 -49 -29
2165 3351 14 23
2166 7998 -57 -81
2167 2391 93 29
2168 81 -14 -46
2169 6154 24 60
2170 8560 -68 -60
2171 1123 20 82
2172 5470 -72 -52
2173 2555 96 56
2174 306 -30 -62
2175 5731 6 10
2176 1318 -12 -84
2177 3917 24 25
2178 3303 -25 -45
2179 3165 7 81
2180 1618 -14 -72
2181 5574 9 56
2182 7674 -76 -73
2183 7479 27 80
2184 9838 -4 -49
2185 9635 6 34
2186 9969 -22 -74
2187 3576 83 17
2188 2620 -16 -41
2189 8395 66 49
2190 5062 -60 -34
2191 2500 31 50
2192 5543 -43 -98
2193 8593 92 22
2194 6933 -94 -86
2195 1360 48 35
2196 8643 -21 -87
2197 4869 6 89
2198 162 -30 -1
2199 7030 60 99
2200 6593 -21 -9
2201 1116 13 43
2202 299 -93 -79
2203 9725 55 45
2204 3018 -92 -2
2205 1942 60 49
2206 7020 -32 -15
2207 593 67 92
2208 6210 -73 -21
2209 3177 75 80
2210 1423 -12 -92
2211 340 63 56
2212 7113 -2 -5
2213 5115 59 85
2214 648 -11 -80
2215 5173 67 73
2216 9502 -91 -72
2217 6196 11 89
2218 2724 -55 -91
2219 6156 60 34
2220 2514 -82 -60
2221 6837 16 88
2222 2266 -60 -30
2223 8464 97 56
2224 6814 -29 -36
2225 9469 34 83
2226 9322 -67 -11
2227 92 50 85
2228 8635 -50 -86
2229 5882 70 0
2230 7044 -70 -38
2231 372 63 17
2232 1724 -28 -23
2233 5924 7 72
2234 1647 -90 -82
2235 7441 33 36
2236 3387 -7 0
2237 7348 68 54
2238 210 -85 -90
2239 4127 95 8
2240 603 -31 -83
2241 1338 31 3
2242 1777 -30 -16
2243 2332 0 15
2244 5861 -41 -17
2245 608 23 78
2246 4614 -17 -98
2247 1192 77 0
2248 6294 -64 -56
2249 5160 60 79
2250 126 -62 -26
2251 5998 25 10
2252 5801 -43 -79
2253 8829 68 12
2254 3644 -80 -55
2255 7073 40 82
2256 5573 -13 -51
2257 7675 80 50
2258 1442 -57 -49
2259 2845 32 65
2260 7655 -42 -11
2261 6982 29 14
2262 9262 -29 -10
2263 3471 34 16
2264 2234 -34 -21
2265 7984 68 57
2266 9786 -56 -20
2267 7597 78 18
2268 3050 -20 -77
2269 6760 46 34
2270 1133 -63 -23
2271 4591 98 92
2272 2365 -29 -82
2273 1724 36 96
2274 1693 -42 -95
2275 6937 47 41
2276 6140 -40 -77
2277 30 38 8
2278 9168 -8 -23
2279 8358 91 92
2280 4100 -44 -27
2281 2003 14 79
2282 2432 -88 -9
2283 9090 90 45
2284 1508 -97 -44
2285 5626 1 11
2286 2772 -97 -32
2287 9382 8 35
2288 849 -92 -87
2289 3589 82 34
2290 1835 -66 -12
2291 6229 58 5
2292 5139 -69 -57
2293 9808 4 55
2294 3426 -17 -90
2295 5124 97 29
2296 3491 -19 -74
2297 9697 54 63
2298 5811 -51 -77
2299 9942 33 1
2300 1033 -77 -3
2301 3746 60 37
2302 4224 -63 -46
2303 6359 25 10
2304 9335 -63 -33
2305 7793 97 23
2306 857 -24 -41
2307 5454 90 87
2308 5902 -51 -71
2309 3442 74 98
2310 9008 -30 -98
2311 6026 11 86
2312 2462 -19 -43
2313 1865 58 91
2314 817 -10 -87
2315 494 37 90
2316 7749 -76 -39
2317 8594 76 84
2318 6836 -57 -37
2319 7475 51 94
2320 7172 -69 -60
2321 7823 45 73
2322 7717 -62 -20
2323 362 80 39
2324 1512 -74 -61
2325 119 85 8
2326 5894 -34 -63
2327 811 53 90
2328 3895 -34 -67
2329 8500 37 76
2330 287 -51 -31
2331 4497 38 52
2332 2553 -65 -60
2333 9618 17 75
2334 6573 -60 -18
2335 955 8 78
2336 1942 -72 -53
2337 8680 58 40
2338 5004 -30 -46
2339 9072 67 45
2340 7475 -82 -34
2341 2910 48 43
2342 4275 -41 -33
2343 4302 88 96
2344 2121 -35 -5
2345 873 90 13
2346 8014 -14 -85
2347 691 40 5
2348 9948 -3 -65
2349 756 82 38
2350 9748 -3 -95
2351 1568 44 98
2352 8199 -31 -11
2353 4142 35 1
2354 5378 -37 -20
2355 2306 27 2
2356 279 -40 -33
2357 7408 11 16
2358 3198 -74 -29
2359 7872 82 69
2360 7678 -73 -93
2361 1200 21 77
2362 1166 -98 -81
2363 912 9 0
2364 9690 -37 -96
2365 4913 82 81
2366 8997 -79 -95
2367 8780 16 17
2368 2922 -45 -70
2369 8790 85 9
2370 8872 -65 -41
2371 4021 57 41
2372 7543 -90 -43
2373 9504 57 29
2374 5716 -18 -6
2375 149 66 85
2376 200 -76 -62
2377 5254 38 22
2378 4297 -24 -24
2379 8652 8 81
2380 1402 -63 -61
2381 9256 97 0
2382 2088 -32 -42
2383 4719 27 87
2384 6947 -73 -7
2385 1798 27 32
2386 7383 -99 -14
2387 218 74 76
2388 7506 -16 -34
2389 3821 73 54
2390 6597 -74 -23
2391 3041 66 42
2392 7748 -21 -69
2393 4533 20 97
2394 4087 -62 -94
2395 7304 16 74
2396 1845 -8 -90
2397 842 55 98
2398 3176 -62 -80
2399 447 82 49
2400 7070 -67 -67
2401 8474 75 69
2402 1692 -14 -1
2403 2560 66 88
2404 2674 -65 -41
2405 3086 96 10
2406 1545 -62 -46
2407 8752 18 63
2408 6058 -24 -11
2409 532 36 86
2410 745 -84 -8
2411 3866 20 72
2412 5629 -1 -48
2413 8304 50 68
2414 4057 -54 -76
2415 6955 76 51
2416 979 -11 -28
2417 6533 83 19
2418 2583 -90 -95
2419 767 63 88
2420 5709 -9 -14
2421 2055 59 52
2422 271 -25 -72
2423 7768 53 47
2424 7896 -88 -35
2425 2983 71 41
2426 8285 -72 -32
2427 3556 12 69
2428 8690 -28 -66
2429 9994 83 0
2430 8183 -40 -50
2431 1264 70 47
2432 7378 -47 -9
2433 8864 52 79
2434 6388 -9 -99
2435 5782 57 5
2436 1139 -31 -6
2437 6446 60 49
2438 7504 -94 -87
2439 6381 32 42
2440 4826 -63 -83
2441 1069 65 28
2442 3581 -50 -72
2443 4923 48 77
2444 9769 -37 -34
2445 5719 93 80
2446 3750 -48 -44
2447 5652 24 27
2448 9673 -57 -47
2449 6226 20 18
2450 2869 -77 -46
2451 1824 12 30
2452 4451 -30 -48
2453 2662 3 46
2454 5247 -79 -48
2455 1294 23 15
2456 9807 -16 -64
2457 7344 50 63
2458 5979 -97 -8
2459 2170 92 35
2460 9849 -38 -60
2461 4077 89 27
2462 1980 -94 -59
2463 1657 52 43
2464 3162 -28 -20
2465 1398 15 58
2466 254 -48 -94
2467 8283 60 9
2468 5631 -36 -76
2469 2993 24 4
2470 3887 -63 -93
2471 7392 76 8
2472 7960 -31 -29
2473 4822 88 47
2474 1171 -76 -7
2475 7753 43 61
2476 4604 -29 -70
2477 5407 78 15
2478 3172 -86 -56
2479 6421 35 55
2480 1574 -56 -11
2481 3759 70 9
2482 8843 -98 -68
2483 570 48 71
2484 531 -73 -12
2485 4736 89 54
2486 3062 -70 -26
2487 8965 49 91
2488 1109 -99 -28
2489 8944 16 70
2490 1671 -77 0
2491 5431 75 80
2492 3165 -58 -32
2493 2127 74 27
2494 7926 -60 -7
2495 7221 67 70
2496 4449 -6 -68
2497 1379 23 27
2498 5395 -6 -96
2499 1150 69 3
2500 7158 -76 -41
2501 6693 71 60
2502 8365 -60 -21
2503 6524 10 37
2504 1679 -70 -95
2505 5545 82 36
2506 569 0 -2
2507 2464 82 43
2508 6199 -22 -89
2509 4039 15 41
2510 3016 -13 -87
2511 1875 25 72
2512 9100 -77 -93
2513 7735 72 11
2514 6012 -54 -67
2515 1832 16 35
2516 6176 -84 -8
2517 3668 53 73
2518 6882 -79 -27
2519 3780 59 49
2520 741 -98 -54
2521 4868 70 11
2522 1593 -52 -71
2523 757 6 44
2524 34 -24 -83
2525 82 26 16
2526 9270 -2 -52
2527 417 36 78
2528 5589 -18 -53
2529 6418 67 54
2530 2994 -3 -2
2531 3744 16 38
2532 3822 -51 -45
2533 4584 75 82
2534 701 -16 -28
2535 6823 43 40
2536 8907 -74 -14
2537 8618 19 15
2538 5901 -6 -19
2539 4360 26 47
2540 309 -47 -35
2541 3017 69 69
2542 1619 -1 -80
2543 816 85 9
2544 8313 -85 -89
2545 9349 42 60
2546 3598 -36 -72
2547 9819 24 16
2548 8698 -58 -63
2549 4515 32 27
2550 4795 -94 -89
2551 9082 88 30
2552 5534 -22 -17
2553 2087 73 18
2554 9128 -96 0
2555 9578 5 57
2556 8929 -82 -79
2557 8322 65 82
2558 2169 -40 -32
2559 9235 18 18
2560 1270 -13 -93
2561 444 92 19
2562 2791 -15 -85
2563 7461 63 24
2564 4011 -39 -64
2565 5686 30 68
2566 9494 -93 -7
2567 4873 86 53
2568 6970 -9 -94
2569 1301 98 97
2570 9048 -33 -54
2571 9310 73 29
2572 1292 -44 -52
2573 8985 35 97
2574 7781 -17 -57
2575 8966 55 87
2576 5128 -76 -21
2577 5456 6 53
2578 6773 -1 -68
2579 4784 80 82
2580 4362 -36 -44
2581 3522 42 93
2582 8769 -34 -7
2583 5536 79 96
2584 7427 -54 -46
2585 6035 28 16
2586 1803 -93 -55
2587 590 11 62
2588 6724 -65 -21
2589 2606 55 69
2590 2750 -4 -22
2591 9237 69 82
2592 6456 -66 -41
2593 7118 5 79
2594 5186 -44 -40
2595 3154 67 60
2596 5442 -29 -43
2597 9263 81 49
2598 7289 -97 -50
2599 1212 30 75
2600 7684 -65 -49
2601 6452 43 3
2602 5165 -63 -87
2603 9053 11 45
2604 6408 -51 -67
2605 4836 70 17
2606 7779 -4 -69
2607 5387 93 66
2608 6904 -72 -43
2609 2301 37 91
2610 5731 -34 -65
2611 5562 91 55
2612 6496 -5 -7
2613 2046 92 71
2614 5038 -13 -71
2615 5204 93 8
2616 3328 -62 -31
2617 1722 67 14
2618 4942 -12 -91
2619 9460 42 20
2620 315 -17 -96
2621 8436 29 84
2622 8337 -41 -64
2623 2065 88 81
2624 3531 -96 -43
2625 6192 40 45
2626 3825 -52 -83
2627 3510 73 42
2628 9293 -54 -29
2629 8182 91 18
2630 8853 -98 -23
2631 6006 77 84
2632 9885 -64 -39
2633 464 99 66
2634 2368 -17 -81
2635 5084 66 10
2636 1219 -47 -68
2637 6270 6 24
2638 4069 -91 -8
2639 9548 8 12
2640 1071 -82 -90
2641 3788 13 7
2642 9784 -37 -96
2643 1555 65 24
2644 4152 -25 -26
2645 5871 56 27
2646 49 -11 -85
2647 7872 72 34
2648 2559 -99 -54
2649 6891 47 54
2650 9834 -76 -74
2651 4120 83 40
2652 6514 -42 -46
2653 7061 61 47
2654 1498 -70 -65
2655 8833 93 5
2656 8132 -77 -26
2657 253 68 23
2658 8434 -52 -31
2659 3609 89 3
2660 2881 -77 -13
2661 8869 10 0
2662 8651 -85 -73
2663 6527 38 88
2664 9206 -86 -1
2665 9159 79 76
2666 2627 -87 -7
2667 1477 35 44
2668 6375 -27 -98
2669 2015 66 48
2670 5751 -10 -70
2671 942 66 65
2672 3426 -47 -47
2673 2042 80 98
2674 5043 -82 -43
2675 7751 78 41
2676 6914 -15 -96
2677 6283 54 89
2678 4314 -95 -4
2679 2688 56 79
2680 7601 -60 -68
2681 4590 83 86
2682 647 -64 -69
2683 9125 84 73
2684 7252 -7 -12
2685 3889 1 23
2686 26 -77 -12
2687 9148 90 41
2688 9873 -87 -57
2689 8020 68 20
2690 775 -4 -54
2691 3883 49 69
2692 5407 -94 -99
2693 3293 40 74
2694 9222 -36 -99
2695 3074 36 76
2696 4685 -15 -57
2697 4721 13 81
2698 2199 -20 -5
2699 9957 36 24
2700 5477 -82 -79
2701 3089 97 27
2702 4090 -29 -38
2703 5409 57 27
2704 391 -87 -19
2705 3845 7 1
2706 3602 -52 -77
2707 1863 38 44
2708 5440 -7 -73
2709 4831 96 16
2710 7071 -75 -52
2711 3256 93 72
2712 2836 -24 -61
2713 1519 78 75
2714 7695 -85 -47
2715 8389 61 37
2716 9175 -31 -22
2717 4985 96 2
2718 4824 -95 -38
2719 2237 79 21
2720 2971 -77 -16
2721 5301 23 42
2722 4088 -7 -54
2723 7029 8 74
2724 3682 -45 -96
2725 6221 96 62
2726 4261 -90 -67
2727 4429 45 47
2728 5198 -19 -18
2729 2223 62 80
2730 9795 -10 -34
2731 8108 64 54
2732 5260 -41 -92
2733 217 8 3
2734 9731 -44 -35
2735 8152 1 3
2736 8488 -71 -89
2737 2873 22 19
2738 5932 -98 -31
2739 7422 50 75
2740 9884 -66 -73
2741 314 72 58
2742 1775 0 -67
2743 8584 54 59
2744 8745 -9 -59
2745 3364 25 10
2746 5784 -77 -21
2747 5540 95 89
2748 628 -41 -37
2749 1107 37 88
2750 1773 -86 -95
2751 5340 98 31
2752 3983 -49 -3
2753 6055 63 32
2754 8976 -3 -26
2755 4079 36 98
2756 6069 -47 -29
2757 8867 54 42
2758 8997 -15 -35
2759 352 39 0
2760 2713 -79 -14
2761 9313 4 67
2762 9136 -70 -20
2763 4643 38 64
2764 39 -63 -35
2765 4177 40 52
2766 8349 -31 -93
2767 4587 47 68
2768 2341 -71 -12
2769 7021 36 63
2770 6311 -79 -38
2771 6703 76 52
2772 2160 -46 -2
2773 8721 39 19
2774 8766 -49 -24
2775 828 49 63
2776 4703 -48 -74
2777 7717 4 23
2778 9963 -72 -83
2779 2686 90 26
2780 4493 -92 -63
2781 4198 14 29
2782 5670 -1 -50
2783 1546 62 53
2784 7489 -36 -24
2785 854 16 93
2786 3479 -97 -88
2787 7701 51 22
2788 7873 -63 -54
2789 8911 79 71
2790 703 -64 -46
2791 4972 78 72
2792 7209 -98 -73
2793 4101 61 13
2794 2432 -94 -80
2795 1499 22 77
2796 7784 -24 -30
2797 5934 14 67
2798 5617 -16 -44
2799 9683 55 3
2800 5383 -72 -93
2801 7603 98 49
2802 9970 -91 -60
2803 2223 37 18
2804 7517 -42 -9
2805 7635 76 36
2806 6474 -50 -17
2807 8376 60 31
2808 853 -59 -8
2809 6299 93 40
2810 7063 -82 -51
2811 8938 54 84
2812 7065 -65 -34
2813 2563 40 2
2814 8181 -3 -7
2815 3659 73 33
2816 7538 -87 -68
2817 537 43 74
2818 9122 -39 -3
2819 3082 73 63
2820 5063 -48 -60
2821 9082 73 33
2822 5313 -38 -97
2823 1451 7 54
2824 1650 -79 -34
2825 1420 14 77
2826 1581 -68 -29
2827 6859 81 50
2828 4772 -88 -43
2829 4757 37 14
2830 7107 -79 -28
2831 1432 62 9
2832 3906 -94 -82
2833 7155 84 77
2834 7262 -78 -98
2835 8990 49 27
2836 6495 -91 -14
2837 8583 16 46
2838 5129 -81 -21
2839 9018 28 35
2840 4332 -30 -4
2841 5223 48 16
2842 8723 -25 0
2843 7835 78 44
2844 4056 -3 -97
2845 3976 1 79
2846 4875 -24 -49
2847 5223 38 81
2848 9896 -27 -51
2849 7265 25 22
2850 968 -19 -62
2851 6677 80 96
2852 748 -7 -67
2853 7494 40 67
2854 5697 -26 -88
2855 5545 95 21
2856 7732 -15 -9
2857 9399 90 81
2858 7266 -99 -89
2859 4205 74 26
2860 321 -96 -65
2861 7238 43 59
2862 5849 -40 -27
2863 227 8 46
2864 3618 -99 -11
2865 5836 99 92
2866 7517 -10 -99
2867 4653 22 27
2868 8783 -47 -37
2869 3679 51 34
2870 4004 -97 -27
2871 8987 11 35
2872 341 -58 -60
2873 1640 31 43
2874 1201 -88 -8
2875 9765 19 86
2876 740 -17 -90
2877 7239 73 89
2878 5757 -69 -84
2879 4248 5 44
2880 3988 -42 -15
2881 2442 59 61
2882 3183 -74 -56
2883 8291 18 48
2884 6596 -37 -27
2885 9224 64 71
2886 5195 -37 -26
2887 365 83 64
2888 8177 -62 -31
2889 1090 46 25
2890 7083 -74 -2
2891 1694 74 41
2892 9891 -78 -55
2893 735 2 68
2894 8681 -44 -23
2895 5139 18 13
2896 1571 -60 -85
2897 8218 19 47
2898 5415 -56 -62
2899 9140 45 63
2900 8134 -99 -51
2901 9790 90 92
2902 3473 -1 -69
2903 4534 29 40
2904 4696 -92 -29
2905 3035 82 37
2906 5040 -79 0
2907 5929 13 71
2908 2757 -29 -94
2909 2403 80 49
2910 5353 -17 -49
2911 3574 45 38
2912 5235 -85 -97
2913 6521 68 97
2914 1140 -76 -98
2915 3691 82 95
2916 805 -7 -21
2917 2350 9 80
2918 6184 -84 -3
2919 5387 72 37
2920 9994 -61 -93
2921 4752 69 2
2922 9561 -40 -63
2923 9508 38 70
2924 3000 -85 -73
2925 6290 16 31
2926 7669 -47 -91
2927 2044 51 18
2928 8590 -9 -34
2929 5678 17 50
2930 7261 -86 -85
2931 818 78 58
2932 2598 -81 -21
2933 4267 93 64
2934 6501 -45 0
2935 1825 29 40
2936 8716 -78 -68
2937 4489 95 14
2938 3846 -55 -1
2939 8241 63 97
2940 8979 -30 -79
2941 8054 12 13
2942 6073 -76 -92
2943 7521 4 79
2944 5351 -57 -64
2945 9502 60 43
2946 7122 -92 -43
2947 6843 49 56
2948 7556 -80 -83
2949 3103 73 33
2950 6621 -52 -93
2951 2842 41 27
2952 8541 -79 -36
2953 9459 99 4
2954 8388 -5 -67
2955 3799 29 32
2956 574 -89 -33
2957 41 7 49
2958 2484 -23 -6
2959 7206 94 14
2960 8892 -68 -75
2961 1936 99 93
2962 8718 -7 -40
2963 7854 75 74
2964 1974 -95 -98
2965 5552 0 18
2966 2211 -67 -65
2967 6811 98 51
2968 5101 -20 -28
2969 9705 36 62
2970 7666 -87 -33
2971 3384 2 82
2972 4407 -94 -28
2973 1610 65 94
2974 1365 -11 -68
2975 1008 8 31
2976 115 -8 -96
2977 8861 24 75
2978 7434 -75 -1
2979 3015 77 91
2980 4866 -79 -89
2981 9924 18 63
2982 6569 -47 -59
2983 4392 94 53
2984 8641 -74 -86
2985 8204 29 45
2986 6611 -82 -8
2987 6364 46 71
2988 6722 -97 -64
2989 3346 37 98
2990 5904 -69 -93
2991 1147 7 35
2992 7304 -57 -68
2993 6230 54 2
2994 294 -80 -34
2995 1331 61 31
2996 9086 -94 -92
2997 8443 16 54
2998 8964 -81 -16
2999 8711 48 85
3000 4046 -15 -15
3001 1779 10 48
3002 6299 -95 -55
3003 4454 97 23
3004 4259 -45 -80
3005 6887 32 14
3006 493 -90 -97
3007 9252 84 16
3008 4974 -26 -68
3009 2829 73 9
3010 8208 -89 -63
3011 4108 97 38
3012 7350 -47 -46
3013 4206 57 17
3014 7689 -34 -70
3015 2094 13 69
3016 3408 -23 -82
3017 6002 79 60
3018 6153 -29 -59
3019 5853 20 87
3020 5230 -92 -96
3021 7990 47 45
3022 2641 -31 -61
3023 1437 77 8
3024 3320 -40 -23
3025 245 59 88
3026 6875 -50 -81
3027 8055 30 22
3028 7918 -79 -2
3029 2274 20 2
3030 6423 -56 -52
3031 6771 64 12
3032 4482 -73 -54
3033 4486 72 14
3034 6545 -33 -21
3035 1882 65 25
3036 6697 -58 -1
3037 6535 81 15
3038 7209 -73 -16
3039 504 10 3
3040 9145 -37 -9
3041 1962 0 66
3042 4548 -30 -46
3043 5047 84 23
3044 9813 0 -76
3045 72 42 13
3046 4254 -45 -94
3047 6847 92 2
3048 5037 -28 -14
3049 9165 52 45
3050 8188 -10 -16
3051 7942 4 35
3052 7623 -9 -64
3053 3830 59 35
3054 9775 -87 -57
3055 4490 81 35
3056 280 -63 -68
3057 8867 84 21
3058 4008 -55 -97
3059 9729 97 73
3060 6340 -54 -76
3061 7342 22 24
3062 8193 -69 -62
3063 6768 93 94
3064 8486 -2 -13
3065 2246 85 93
3066 3828 -20 -13
3067 3286 2 51
3068 6122 -83 -62
3069 4159 51 93
3070 6761 -61 -61
3071 9071 67 15
3072 1314 -47 -21
3073 7650 73 75
3074 1144 -39 -47
3075 7523 5 13
3076 7956 -39 -19
3077 4935 40 90
3078 826 -41 -42
3079 3525 27 5
3080 9966 -30 -49
3081 8602 13 83
3082 5551 -60 -57
3083 5252 34 63
3084 3430 -2 -52
3085 6330 71 84
3086 6758 -78 -28
3087 9841 16 17
3088 5605 -13 -97
3089 8018 92 85
3090 2216 -37 -59
3091 2819 81 48
3092 1720 -51 -79
3093 1271 48 57
3094 3821 -41 -85
3095 9179 23 38
3096 3116 -86 -24
3097 9802 56 13
3098 3190 -80 -90
3099 6011 50 71
3100 7685 -61 -39
3101 4103 7 28
3102 9082 -75 -28
3103 2796 99 76
3104 9253 -34 -25
3105 3557 27 87
3106 5665 -44 -26
3107 4171 7 54
3108 4726 -8 -10
3109 8698 58 35
3110 7711 -53 -66
3111 3476 71 1
3112 5589 -28 -51
3113 7971 62 50
3114 4814 -82 -27
3115 4510 51 62
3116 6778 -37 -43
3117 512 63 82
3118 7204 -99 -6
3119 2944 76 1
3120 3143 -79 -49
3121 3000 81 2
3122 9227 -19 -50
3123 3571 17 8
3124 2240 -32 -67
3125 7082 41 37
3126 2737 -93 -42
3127 9622 84 84
3128 7924 -29 -37
3129 2900 17 34
3130 5184 -87 -90
3131 7654 58 27
3132 1763 -76 -4
3133 8183 65 83
3134 126 0 -57
3135 9733 72 25
3136 8513 -56 -98
3137 9373 2 51
3138 28 -41 -52
3139 1201 31 94
3140 3843 -73 -46
3141 3815 68 48
3142 4682 -71 -67
3143 3221 12 90
3144 1415 -9 -67
3145 8131 0 67
3146 2422 -97 -96
3147 2114 29 32
3148 7594 -98 -24
3149 1726 61 37
3150 7672 -84 -35
3151 7726 4 64
3152 8987 -15 -36
3153 1575 86 93
3154 5499 -55 -59
3155 1591 88 55
3156 4267 -39 -10
3157 1361 62 87
3158 8726 -90 -40
3159 9556 51 87
3160 4987 -56 -79
3161 8295 75 5
3162 475 -69 -25
3163 2662 65 55
3164 229 -47 -25
3165 8207 46 32
3166 1186 -13 -28
3167 9894 27 50
3168 6995 -81 -25
3169 3838 45 95
3170 7056 -2 -63
3171 3203 90 33
3172 1657 -29 -36
3173 2920 37 9
3174 9784 -26 -24
3175 9416 73 15
3176 7044 -22 -26
3177 8629 79 82
3178 6984 -30 -57
3179 7859 32 41
3180 8137 -85 -69
3181 5575 13 14
3182 9069 -43 -96
3183 9875 6 97
3184 2065 -27 -57
3185 1150 55 6
3186 8877 -52 -29
3187 5151 81 37
3188 6557 -89 -48
3189 556 58 83
3190 3027 -96 -12
3191 1368 78 41
3192 7065 -64 -75
3193 1052 74 64
3194 4602 -65 -69
3195 7518 77 4
3196 928 -40 -70
3197 5170 19 37
3198 984 -69 -55
3199 5748 85 91
3200 7170 -14 -33
3201 1117 72 16
3202 8286 -17 -20
3203 1277 45 90
3204 2847 -53 -61
3205 5148 83 78
3206 8265 -74 -84
3207 742 24 92
3208 8210 -80 -74
3209 3082 47 9
3210 1182 -15 -90
3211 8902 58 2
3212 8301 -70 -20
3213 3038 79 36
3214 8592 -6 -7
3215 4877 9 41
3216 540 -7 -15
3217 9748 9 78
3218 2910 -20 -91
3219 9335 14 58
3220 7602 -95 -87
3221 3275 0 98
3222 6577 -52 -39
3223 9961 7 59
3224 5504 -32 -95
3225 8258 21 86
3226 4203 -76 -26
3227 6799 90 84
3228 1834 -82 -31
3229 7637 97 5
3230 5927 -24 -27
3231 3763 16 68
3232 1874 -31 -6
3233 9996 39 4
3234 3416 -73 -35
3235 8662 86 31
3236 2652 -81 -23
3237 3685 89 16
3238 7813 -49 -53
3239 5947 99 43
3240 362 -31 -55
3241 2845 79 69
3242 5159 -42 -3
3243 6656 89 6
3244 495 -34 -59
3245 8575 12 50
3246 9428 -40 -5
3247 2925 96 55
3248 9306 -43 -81
3249 3278 64 62
3250 7275 -12 -6
3251 4178 87 92
3252 2845 -96 -74
3253 1823 80 45
3254 8293 -23 -1
3255 9371 82 11
3256 367 -82 -40
3257 4803 20 77
3258 2129 -63 -87
3259 1215 34 41
3260 265 -94 -49
3261 9536 47 57
3262 7040 -73 -91
3263 6955 24 75
3264 7525 -65 -14
3265 324 12 17
3266 5594 -81 -19
3267 995 8 19
3268 3176 -11 -11
3269 902 80 44
3270 4018 -31 -3
3271 4312 71 69
3272 9744 -67 -41
3273 5049 84 72
3274 4250 -61 -91
3275 4797 0 99
3276 2493 -90 -6
3277 9604 17 0
3278 3542 -27 -96
3279 360 2 29
3280 9492 -21 -50
3281 791 32 95
3282 1719 -54 -96
3283 1204 99 90
3284 2479 -80 -66
3285 2293 15 15
3286 8430 -47 -49
3287 9823 76 4
3288 3347 -58 -27
3289 6167 20 85
3290 101 -44 -70
3291 3497 0 41
3292 1246 -85 -46
3293 9792 8 44
3294 7127 -19 -10
3295 8431 92 70
3296 4453 -79 -11
3297 1818 62 86
3298 5916 -21 -90
3299 7391 43 7
3300 2961 -96 -48
3301 9717 85 82
3302 3726 -61 -73
3303 8023 47 48
3304 3187 -68 -80
3305 3522 33 92
3306 6176 -48 -15
3307 7296 4 15
3308 1384 -19 -96
3309 4320 58 26
3310 6581 -38 -88
3311 4682 6 91
3312 7962 -79 -88
3313 9099 57 30
3314 4274 -90 -77
3315 4304 81 99
3316 8285 -57 -35
3317 3506 8 11
3318 2959 -91 -18
3319 65 95 74
3320 3768 -44 -99
3321 5210 42 73
3322 2132 -74 -67
3323 2197 99 69
3324 361 -79 -2
3325 8523 68 5
3326 4969 -26 -94
3327 5076 74 79
3328 3842 -45 -95
3329 874 36 33
3330 5559 -60 -59
3331 8879 13 65
3332 7050 -64 -69
3333 2703 78 92
3334 705 -94 -97
3335 9856 85 64
3336 8931 -64 -40
3337 7275 45 35
3338 3063 -31 -32
3339 3714 13 27
3340 5226 -77 -7
3341 4201 16 12
3342 168 -40 -61
3343 3707 20 51
3344 4113 -31 -37
3345 5244 44 7
3346 423 -88 -27
3347 9871 92 97
3348 1764 -1 -17
3349 4266 81 63
3350 8498 -32 -31
3351 4347 46 86
3352 4545 -48 -34
3353 501 73 52
3354 8575 -20 -34
3355 769 33 6
3356 3928 -49 -51
3357 8809 29 10
3358 8880 -28 -51
3359 5980 90 73
3360 3186 -80 -10
3361 7407 59 51
3362 4 -69 -60
3363 2273 65 37
3364 8659 -46 -48
3365 5559 76 20
3366 5584 -9 -28
3367 2190 20 19
3368 7462 -4 -70
3369 865 91 34
3370 9611 -62 -2
3371 4704 80 41
3372 7120 -69 -64
3373 2820 80 4
3374 2801 -45 -97
3375 6097 49 92
3376 5214 -82 -57
3377 7373 14 63
3378 6911 -89 -21
3379 9296 71 69
3380 7325 -30 -63
3381 576 92 8
3382 9645 -64 -61
3383 1020 22 55
3384 1975 -72 -95
3385 9379 6 8
3386 6283 -24 -84
3387 784 86 88
3388 8441 -24 -57
3389 6299 42 82
3390 2990 -78 -23
3391 5456 96 97
3392 8253 -8 -77
3393 1529 93 1
3394 7945 -79 -45
3395 5620 43 81
3396 6454 -92 -74
3397 4993 0 69
3398 9300 -20 -40
3399 4587 52 9
3400 9638 -84 -40
3401 8305 9 57
3402 9844 -52 -77
3403 9399 99 93
3404 4039 -67 -91
3405 8518 38 23
3406 3625 -47 -25
3407 1329 81 53
3408 3219 -20 -54
3409 5253 91 21
3410 885 -80 -15
3411 7657 11 74
3412 1658 -66 -6
3413 7596 12 45
3414 710 -31 -35
3415 3536 19 22
3416 9314 -91 -1
3417 2955 89 34
3418 6227 -65 -10
3419 346 17 42
3420 6286 -85 -92
3421 5991 86 88
3422 7273 -82 -81
3423 8770 82 42
3424 240 -22 -92
3425 9775 64 21
3426 7388 -77 -45
3427 4780 81 36
3428 6119 -87 -88
3429 147 65 66
3430 4843 -47 -7
3431 3302 36 92
3432 6896 -35 -38
3433 139 68 72
3434 5195 -63 -55
3435 522 89 84
3436 1401 -44 -31
3437 3716 85 93
3438 3280 -4 -34
3439 5079 43 2
3440 2629 -6 -1
3441 9247 77 43
3442 2985 -87 -11
3443 8809 11 75
3444 9820 -61 -29
3445 1363 10 70
3446 183 -95 -5
3447 8691 29 93
3448 8762 -39 -38
3449 3865 43 82
3450 7750 -4 -57
3451 1011 30 34
3452 4619 -83 -69
3453 6900 32 48
3454 467 -57 -45
3455 6013 41 71
3456 9399 -71 -55
3457 5431 81 36
3458 4447 -19 -61
3459 1055 69 21
3460 7 -34 -95
3461 8644 90 27
3462 2048 -7 -97
3463 2968 30 90
3464 7380 -75 -79
3465 7626 66 3
3466 9624 -68 -73
3467 4220 98 38
3468 6563 -11 -99
3469 8084 85 23
3470 5270 -80 -76
3471 424 48 53
3472 7446 -3 -88
3473 6088 37 48
3474 1467 -26 -54
3475 811 57 63
3476 9649 -50 -48
3477 4353 92 73
3478 6289 -90 -38
3479 5372 16 82
3480 7366 -29 -16
3481 278 0 55
3482 4349 -75 -50
3483 2177 25 93
3484 3037 -59 -77
3485 9584 39 88
3486 151 -52 -36
3487 6896 53 38
3488 3667 -69 -66
3489 5966 15 65
3490 1127 -78 -29
3491 4452 92 95
3492 4216 -32 -88
3493 9397 71 48
3494 9897 -95 -63
3495 6125 81 90
3496 2606 -24 -50
3497 323 92 35
3498 9030 -47 -77
3499 9841 84 79
3500 1850 -57 -27
3501 8793 14 33
3502 634 -51 -3
3503 6888 82 41
3504 8112 -80 -13
3505 6435 40 46
3506 5552 -51 -9
3507 8425 99 53
3508 9173 -10 -90
3509 277 97 75
3510 245 -33 -12
3511 6818 4 62
3512 3680 -19 -82
3513 7099 19 32
3514 6828 -76 -39
3515 2648 20 29
3516 4508 -2 -84
3517 3354 64 20
3518 3455 0 -10
3519 6435 96 42
3520 7940 -39 -22
3521 1174 47 98
3522 5013 -19 -47
3523 7949 76 7
3524 9497 -4 -17
3525 9230 27 35
3526 1789 -96 -36
3527 6001 43 90
3528 8520 -31 -64
3529 3298 82 82
3530 9736 -3 -50
3531 1698 45 52
3532 1111 -93 -96
3533 6184 67 5
3534 2490 -3 -51
3535 3719 10 38
3536 6015 -99 -59
3537 8067 41 58
3538 3223 -18 -90
3539 7190 32 75
3540 3894 -93 -43
3541 1469 51 55
3542 557 -15 -59
3543 9447 90 11
3544 7339 -45 -41
3545 4485 62 8
3546 4440 -23 -57
3547 3993 40 60
3548 6311 -10 -10
3549 4494 57 9
3550 5598 -79 -63
3551 3575 87 95
3552 2481 -7 -15
3553 5746 87 75
3554 3899 -59 -46
3555 8212 84 80
3556 1665 -19 -28
3557 2111 45 70
3558 6349 -59 -91
3559 5543 7 22
3560 9645 -19 -90
3561 6035 41 14
3562 7069 -20 -46
3563 3566 8 71
3564 5725 -97 -97
3565 6813 77 90
3566 6652 -50 -19
3567 416 66 29
3568 2131 -9 -21
3569 9373 60 72
3570 294 -74 -81
3571 3029 98 59
3572 5672 -24 -48
3573 7309 88 38
3574 2137 -81 -24
3575 5455 54 43
3576 2795 -63 -29
3577 6328 10 52
3578 2160 -11 -84
3579 8648 87 94
3580 4477 -85 -27
3581 7152 94 14
3582 4215 -47 -12
3583 5162 2 23
3584 9481 -81 -43
3585 5683 65 98
3586 8248 -8 -21
3587 4397 55 67
3588 1546 -41 -97
3589 7742 96 70
3590 1883 -20 -15
3591 5173 5 43
3592 1441 -74 -43
3593 552 21 98
3594 9652 -40 -15
3595 368 87 1
3596 1382 -2 -83
3597 5974 91 11
3598 5308 -17 -25
3599 1604 71 11
3600 9789 -89 -30
3601 7317 73 88
3602 338 -24 -91
3603 2068 0 24
3604 648 -36 -11
3605 8102 60 81
3606 9024 -91 -57
3607 8325 19 67
3608 4800 -12 -99
3609 3902 53 0
3610 685 -4 -74
3611 8815 42 39
3612 7856 -41 -31
3613 6655 46 2
3614 8329 -46 -64
3615 3620 84 58
3616 1764 -8 -33
3617 691 28 61
3618 8005 -48 -37
3619 9288 66 33
3620 7552 -32 -38
3621 6925 55 32
3622 5303 -26 -38
3623 1204 19 12
3624 3186 -87 -37
3625 7384 63 73
3626 7971 -76 -83
3627 3451 1 58
3628 7899 -17 -53
3629 3985 47 41
3630 4906 -57 -71
3631 1926 7 33
3632 4499 -41 -59
3633 5170 68 9
3634 8627 -5 -92
3635 6675 86 85
3636 7932 -90 -54
3637 864 23 75
3638 7600 -14 -3
3639 1525 66 64
3640 337 -78 -54
3641 5272 65 76
3642 3768 -19 -39
3643 3137 78 14
3644 5571 -69 -95
3645 1989 50 65
3646 7193 -64 -55
3647 8763 68 52
3648 425 -21 -62
3649 726 31 31
3650 9825 -49 -58
3651 500 57 36
3652 26 -52 -36
3653 6063 95 55
3654 1460 -32 -73
3655 1026 62 63
3656 8315 -65 -66
3657 1220 32 48
3658 4098 -53 -2
3659 6829 87 31
3660 4636 -35 -92
3661 8235 32 14
3662 4071 -89 -71
3663 799 62 92
3664 4017 -18 -59
3665 9489 54 38
3666 7165 -44 -36
3667 5876 63 90
3668 9138 -9 -5
3669 5556 45 71
3670 2107 -93 -47
3671 5504 43 50
3672 3672 -82 -95
3673 7185 63 2
3674 4300 -59 -76
3675 2044 22 44
3676 7554 -10 -56
3677 5648 51 58
3678 9858 -23 -53
3679 2731 84 99
3680 7309 -67 -36
3681 7046 87 2
3682 9766 -12 -42
3683 935 4 34
3684 1168 -61 -44
3685 5794 41 24
3686 9279 -1 -39
3687 4330 77 58
3688 525 -35 -77
3689 1623 85 19
3690 2291 -9 -55
3691 8363 7 2
3692 6957 -25 0
3693 9895 44 77
3694 9673 -36 -48
3695 3387 86 66
3696 6232 -85 -36
3697 786 73 73
3698 6993 -43 -21
3699 3589 71 63
3700 2864 -5 -40
3701 3799 18 23
3702 4415 -84 -85
3703 7917 21 99
3704 4814 -95 -94
3705 2637 24 25
3706 3013 -13 -68
3707 6964 80 79
3708 2392 -90 -19
3709 632 49 41
3710 2195 -93 -48
3711 2641 95 1
3712 2602 -29 -22
3713 9749 63 8
3714 51 -59 -28
3715 9713 36 27
3716 8001 -38 -83
3717 2097 3 55
3718 3183 -29 -50
3719 947 53 80
3720 8917 -81 -58
3721 7136 97 81
3722 8244 -91 -22
3723 4353 64 64
3724 6290 -78 -53
3725 4098 42 15
3726 8270 -69 -89
3727 8869 70 27
3728 5284 -68 -79
3729 1222 86 22
3730 6712 -66 -69
3731 5384 86 22
3732 4705 -99 -74
3733 2389 27 96
3734 3105 0 -60
3735 1150 17 38
3736 4994 -31 -70
3737 9459 24 43
3738 8474 -75 -86
3739 7428 61 18
3740 3564 -46 -15
3741 654 86 61
3742 741 -94 -64
3743 166 97 93
3744 129 -53 -79
3745 3220 84 68
3746 4638 -62 -33
3747 6248 31 59
3748 4528 -9 -56
3749 5228 8 28
3750 2985 -30 -14
3751 6210 54 12
3752 7674 -78 -41
3753 466 64 98
3754 9062 -89 -56
3755 1929 33 80
3756 3986 -50 -95
3757 1493 60 92
3758 9165 -63 -28
3759 9275 32 8
3760 204 -80 -16
3761 7651 36 62
3762 3326 -70 -74
3763 6653 1 52
3764 7059 0 0
3765 915 73 68
3766 8021 -85 -49
3767 4093 53 23
3768 2737 -9 -18
3769 5959 10 94
3770 2683 -64 -73
3771 570 33 98
3772 8347 -98 -8
3773 8236 87 55
3774 4452 -38 -10
3775 8100 63 44
3776 4817 -25 -15
3777 3662 16 49
3778 6677 -60 -43
3779 3569 46 73
3780 9515 -9 -72
3781 2063 11 47
3782 6635 -43 -4
3783 2458 95 80
3784 3784 -46 -94
3785 3606 1 11
3786 6197 -88 -38
3787 2584 11 71
3788 3978 -22 -54
3789 1483 61 61
3790 2820 -84 -44
3791 5412 97 34
3792 6320 0 -71
3793 5405 60 96
3794 8975 -63 -87
3795 4620 83 1
3796 196 -48 -8
3797 6655 43 30
3798 666 -44 -19
3799 4709 41 30
3800 4445 -64 -35
3801 7082 98 40
3802 8915 -27 -47
3803 9545 91 34
3804 4073 -91 -92
3805 3111 77 88
3806 830 -37 -20
3807 4061 1 20
3808 2922 -25 -55
3809 6547 2 87
3810 3114 -21 -66
3811 4489 55 83
3812 8979 -74 -11
3813 115 72 75
3814 8140 -34 -43
3815 3263 80 34
3816 3780 -17 -54
3817 5356 66 70
3818 4242 -63 -2
3819 3881 93 62
3820 8618 -90 -67
3821 6190 77 22
3822 1207 -28 -97
3823 4697 74 75
3824 6345 -11 -10
3825 4837 40 45
3826 1544 -18 -59
3827 9747 13 36
3828 6275 -28 -53
3829 5119 77 94
3830 9340 -42 -64
3831 3670 97 33
3832 1132 -54 -21
3833 39 35 68
3834 8574 -66 -47
3835 8840 43 28
3836 24 -99 -47
3837 7516 69 32
3838 1086 -14 -91
3839 9266 38 31
3840 6771 -74 -83
3841 7473 17 32
3842 8850 -74 -49
3843 6199 64 38
3844 7128 -55 -85
3845 6240 7 98
3846 2412 -31 -95
3847 6862 48 28
3848 4845 -43 -73
3849 3318 85 81
3850 4271 -73 -50
3851 7162 51 77
3852 6762 -40 -96
3853 2745 96 95
3854 4392 -58 -37
3855 6137 24 43
3856 9386 -22 -36
3857 1409 71 28
3858 919 -49 -91
3859 4211 13 87
3860 1973 -35 -56
3861 4510 67 60
3862 683 -46 -70
3863 5459 1 42
3864 8577 -17 -88
3865 6076 15 88
3866 9179 -43 -52
3867 3151 15 6
3868 5315 -37 -71
3869 649 28 74
3870 1638 -41 -33
3871 7731 50 43
3872 8858 -39 -91
3873 7245 63 45
3874 9178 -6 -88
3875 2811 83 45
3876 1421 -38 -85
3877 7971 59 81
3878 3111 -64 -62
3879 912 37 71
3880 8390 -22 -11
3881 1465 90 71
3882 5 -38 -25
3883 64 43 76
3884 2663 -33 -13
3885 8547 43 58
3886 9071 -99 -17
3887 3228 63 99
3888 2958 -71 -84
3889 7365 93 60
3890 9834 -63 -67
3891 9821 11 68
3892 8250 -80 -79
3893 8770 19 68
3894 9765 -60 -70
3895 1793 90 66
3896 5143 -7 -27
3897 9534 97 49
3898 4000 -49 -56
3899 6313 83 15
3900 6999 -97 -7
3901 4154 77 71
3902 6086 -86 -11
3903 320 99 2
3904 948 -64 -78
3905 3392 24 4
3906 6488 -57 -85
3907 3385 65 66
3908 104 -73 -46
3909 4143 34 22
3910 9667 -41 -17
3911 9116 11 30
3912 8157 -43 -68
3913 7537 43 35
3914 3872 -83 -90
3915 5059 19 44
3916 2255 -48 -71
3917 3540 57 88
3918 6333 -19 -43
3919 8924 76 50
3920 9111 -41 -37
3921 9824 87 91
3922 723 -39 -82
3923 5419 36 59
3924 3121 -49 -35
3925 4506 71 16
3926 9470 -30 -41
3927 5616 30 6
3928 3212 -99 -15
3929 9881 47 70
3930 3824 -24 -31
3931 5117 40 50
3932 1850 -97 -94
3933 6168 96 45
3934 5584 -65 -81
3935 1457 21 20
3936 6557 -19 -53
3937 2923 92 26
3938 9066 -23 -43
3939 3394 79 42
3940 8637 -47 -73
3941 9593 75 39
3942 4827 -73 -35
3943 9610 31 19
3944 6693 -68 -1
3945 9691 30 61
3946 1393 -93 -80
3947 8635 82 2
3948 8400 -88 -62
3949 2413 6 9
3950 7574 -20 -10
3951 8420 74 21
3952 7532 -50 -7
3953 9656 32 14
3954 7167 -55 -60
3955 5100 89 67
3956 6475 -11 -94
3957 4606 8 53
3958 4874 -78 -48
3959 9550 13 83
3960 6619 -47 -20
3961 7875 31 31
3962 3079 -91 -59
3963 8473 25 54
3964 4469 -52 -54
3965 5444 1 70
3966 5901 -62 -53
3967 1916 10 82
3968 2793 -36 -34
3969 8530 17 58
3970 184 -21 -65
3971 8805 87 74
3972 4944 -62 -42
3973 724 11 26
3974 693 -5 -16
3975 8009 78 21
3976 899 -38 -76
3977 5351 85 89
3978 7826 -47 -24
3979 3735 21 42
3980 3436 -86 -16
3981 5497 22 64
3982 7736 -48 -43
3983 2600 22 2
3984 8811 -4 -3
3985 7685 4 27
3986 812 -22 -95
3987 4981 90 27
3988 2823 -58 -40
3989 2550 93 8
3990 46 -83 -22
3991 8886 7 40
3992 3166 -24 -71
3993 9912 0 9
3994 7118 -94 -61
3995 4691 49 4
3996 2419 -37 -42
3997 4705 87 42
3998 1934 -61 -23
3999 698 93 28
4000 7631 -20 -21
4001 4720 26 12
4002 8273 -83 -74
4003 6720 70 59
4004 9033 -95 -35
4005 6919 84 65
4006 5789 -56 -83
4007 9777 98 54
4008 1927 -94 -73
4009 5573 10 83
4010 1917 -80 -55
4011 1279 22 98
4012 2983 -94 -88
4013 5424 44 89
4014 6181 -74 -92
4015 4145 88 77
4016 6237 -85 -72
4017 4666 42 51
4018 2601 -11 -8
4019 6233 43 41
4020 4382 -99 -94
4021 8790 65 64
4022 6769 -1 -69
4023 1228 22 62
4024 2181 -64 -83
4025 6895 24 44
4026 3571 -17 -9
4027 4741 75 67
4028 4749 -43 -81
4029 8490 35 46
4030 6319 -62 -45
4031 4717 90 57
4032 1778 -40 -17
4033 8040 4 89
4034 9717 -41 -71
4035 7914 74 83
4036 6520 -46 -60
4037 1648 77 91
4038 9224 -1 -3
4039 1611 75 94
4040 4105 -45 -66
4041 1531 81 40
4042 8164 -25 -65
4043 1095 74 56
4044 3003 -29 -24
4045 1313 46 87
4046 2541 -98 -52
4047 2417 90 24
4048 8396 -52 -64
4049 3877 95 45
4050 9078 -18 -78
4051 6186 85 11
4052 3020 -37 -11
4053 4903 73 98
4054 6665 -28 -82
4055 1181 29 65
4056 7058 -35 -86
4057 6903 86 58
4058 7051 -10 -84
4059 8616 82 28
4060 7864 -63 -41
4061 892 56 29
4062 4509 -50 -79
4063 6422 18 37
4064 5798 -66 -41
4065 4652 8 99
4066 3264 -19 -22
4067 1372 62 81
4068 7871 -7 -48
4069 583 49 32
4070 1806 -70 -12
4071 3266 31 21
4072 9108 -82 -76
4073 7650 30 30
4074 4476 -12 -68
4075 2983 42 29
4076 4626 -26 -28
4077 5491 79 31
4078 4094 -71 -45
4079 7846 15 99
4080 8458 -50 -87
4081 9054 19 49
4082 4093 -54 -70
4083 4081 42 35
4084 7256 -53 -44
4085 1992 31 42
4086 2015 -83 -86
4087 3235 32 12
4088 5169 -5 -47
4089 865 55 6
4090 7043 -97 -67
4091 8987 36 88
4092 506 -62 -34
4093 1340 3 64
4094 9655 -40 -57
4095 7806 13 73
4096 1478 -63 -61
4097 3511 60 80
4098 2736 -22 -69
4099 5053 77 16
4100 9076 -61 -35
4101 3789 95 32
4102 1977 -58 -36
4103 5559 19 0
4104 8145 -67 -47
4105 221 26 8
4106 5265 -79 -74
4107 6997 80 73
4108 2004 -79 -20
4109 7100 11 27
4110 3712 -39 -7
4111 4725 33 8
4112 7718 -29 -47
4113 4672 81 21
4114 9649 -97 -31
4115 8588 11 10
4116 2492 -50 -7
4117 4033 13 12
4118 8305 -60 -47
4119 6437 32 55
4120 5533 -25 -88
4121 977 85 80
4122 4483 -89 -69
4123 7512 25 95
4124 70 -38 -15
4125 2274 68 10
4126 5491 -59 -31
4127 826 59 97
4128 1301 -86 -1
4129 7454 62 76
4130 6885 -65 -80
4131 165 11 34
4132 9458 -6 -66
4133 3553 14 6
4134 935 -89 -66
4135 455 16 96
4136 2969 -71 -30
4137 9302 63 24
4138 369 -12 -21
4139 7031 46 69
4140 1979 0 -66
4141 1098 26 66
4142 9515 -99 -5
4143 1779 32 21
4144 3229 -86 -72
4145 1109 21 22
4146 8921 -11 -18
4147 7730 21 85
4148 4814 -70 -21
4149 1108 88 59
4150 3816 -34 -32
4151 7726 16 60
4152 581 -39 -14
4153 4000 94 42
4154 6626 -88 -77
4155 1118 17 33
4156 8495 -89 -8
4157 9392 75 8
4158 3399 -50 -18
4159 2043 86 10
4160 2458 -47 -70
4161 6357 96 66
4162 7806 -59 0
4163 4205 60 82
4164 1547 -2 -66
4165 4228 26 70
4166 6834 -35 0
4167 2700 69 94
4168 4042 -6 -5
4169 5507 45 39
4170 6050 -46 -99
4171 995 75 81
4172 3299 -98 -46
4173 8341 25 59
4174 4867 -76 -5
4175 2306 39 80
4176 8230 -72 -77
4177 5157 58 12
4178 1308 -42 -14
4179 8627 24 82
4180 6034 -7 -64
4181 7035 93 71
4182 4710 -22 -82
4183 222 2 30
4184 873 -94 -78
4185 2397 60 51
4186 7433 -43 -67
4187 8440 49 41
4188 3755 -67 -47
4189 9109 63 96
4190 3584 -99 -61
4191 9627 62 74
4192 7289 -53 -1
4193 564 19 20
4194 103 -48 -95
4195 6265 24 82
4196 7625 -81 -35
4197 1860 36 40
4198 2006 -92 -6
4199 9240 33 28
4200 602 -68 -12
4201 5622 72 22
4202 9974 -10 -34
4203 7326 67 63
4204 4149 -1 -1
4205 2503 49 77
4206 1574 -15 -97
4207 6061 70 59
4208 9638 -25 -6
4209 2806 24 84
4210 2035 -20 -78
4211 6976 29 73
4212 8045 -52 -47
4213 5460 57 59
4214 8850 -8 -19
4215 8052 55 6
4216 2344 -5 -76
4217 4729 27 40
4218 7864 -43 -77
4219 7980 39 47
4220 9811 -50 -2
4221 817 69 4
4222 8408 -54 -54
4223 6794 52 7
4224 9666 -97 -16
4225 9839 29 23
4226 1029 -34 -36
4227 8521 92 10
4228 9380 -44 -39
4229 3935 54 42
4230 2425 -6 -22
4231 4663 91 16
4232 2549 -30 -96
4233 2081 2 19
4234 2954 -33 -8
4235 7678 42 31
4236 8690 -94 -29
4237 3668 74 2
4238 7893 -71 -73
4239 209 15 90
4240 420 -56 -93
4241 4943 72 95
4242 3707 -27 -16
4243 5714 96 4
4244 8329 -50 -75
4245 6694 43 84
4246 5487 -27 -99
4247 6065 78 15
4248 2094 -54 -65
4249 3726 65 70
4250 5129 -47 -47
4251 6813 9 1
4252 4661 -52 -2
4253 340 40 88
4254 703 -26 -32
4255 5217 32 13
4256 3329 -15 -64
4257 3247 65 10
4258 1365 -83 -5
4259 8808 94 48
4260 911 -68 -51
4261 4331 32 63
4262 785 -18 -69
4263 1125 51 68
4264 9582 -4 -41
4265 9389 69 74
4266 779 -39 -27
4267 202 12 67
4268 6508 -45 -39
4269 8210 43 86
4270 7826 -87 -45
4271 238 85 77
4272 3146 -6 -25
4273 3803 86 47
4274 2844 -46 -89
4275 3429 88 71
4276 1375 -33 -17
4277 1975 74 91
4278 3010 -10 -40
4279 5399 53 99
4280 4797 -76 -45
4281 9383 32 14
4282 2035 -42 -74
4283 3382 28 66
4284 2238 -30 -41
4285 6917 54 73
4286 7696 -83 -53
4287 439 26 64
4288 7560 -41 -30
4289 7251 19 2
4290 5339 -39 -76
4291 8173 51 18
4292 107 -17 -65
4293 5222 61 71
4294 9725 -58 -47
4295 3157 64 67
4296 4698 -78 -11
4297 3716 24 34
4298 8015 -64 -41
4299 1001 6 45
4300 5810 -17 -42
4301 8944 1 10
4302 4945 -38 -90
4303 8527 94 45
4304 7892 -90 -20
4305 2163 99 92
4306 6476 -65 -92
4307 1279 23 36
4308 2375 -8 -90
4309 7406 20 20
4310 1340 -78 -42
4311 5698 27 41
4312 506 -70 -20
4313 1868 82 55
4314 1361 -80 -51
4315 767 72 37
4316 6441 -93 -46
4317 8286 51 67
4318 8290 -98 -40
4319 8240 39 82
4320 5984 -18 -96
4321 4617 81 7
4322 4662 -81 -95
4323 6701 7 85
4324 3192 -78 -59
4325 2162 37 74
4326 8834 -41 -55
4327 548 9 22
4328 1110 -23 -77
4329 9938 66 30
4330 8555 -31 -7
4331 7611 42 16
4332 7770 -77 -91
4333 6703 98 81
4334 8990 -16 -59
4335 5405 78 29
4336 6039 -32 -58
4337 9993 48 35
4338 8365 -6 -71
4339 6140 21 76
4340 2290 -41 -22
4341 2616 4 25
4342 8288 -80 -93
4343 683 6 69
4344 8632 -20 -50
4345 5225 1 23
4346 3761 -44 -30
4347 856 54 37
4348 7951 -95 -36
4349 19 40 76
4350 3938 -47 -74
4351 258 12 72
4352 7271 -14 -42
4353 8649 71 97
4354 3124 -24 -73
4355 8073 42 81
4356 2344 -53 -94
4357 647 62 14
4358 8178 -45 -96
4359 7658 15 85
4360 3156 -51 -58
4361 5375 96 6
4362 8357 -87 -47
4363 4181 85 44
4364 1713 -43 -73
4365 8817 5 80
4366 2390 -39 -83
4367 4412 16 62
4368 5716 0 -35
4369 4805 98 26
4370 6628 -18 -19
4371 9311 64 23
4372 4157 -46 -87
4373 7501 64 55
4374 9752 -31 -98
4375 2927 49 63
4376 8997 -5 -87
4377 5748 59 67
4378 6622 -71 -70
4379 2886 85 95
4380 5942 -84 -40
4381 2081 2 68
4382 7370 -74 -69
4383 9114 16 46
4384 217 -20 -49
4385 3245 56 79
4386 9619 -81 -2
4387 6706 66 51
4388 2451 -69 -94
4389 8638 63 83
4390 9431 -21 -69
4391 6039 36 2
4392 511 -92 -2
4393 7486 29 66
4394 5699 -80 -56
4395 379 90 96
4396 781 -84 -79
4397 8900 42 4
4398 3911 -58 -92
4399 6127 90 43
4400 3012 -64 -29
4401 4765 64 50
4402 8374 -15 -42
4403 2539 41 86
4404 3624 -3 -20
4405 2599 71 61
4406 6161 -57 -13
4407 6179 75 81
4408 1555 -32 -4
4409 8846 91 69
4410 5304 -49 -7
4411 9963 79 94
4412 127 -29 -4
4413 5950 6 85
4414 8577 -89 -15
4415 180 11 97
4416 9090 -40 -80
4417 6246 11 52
4418 5990 -13 -28
4419 8148 96 9
4420 2515 -24 -62
4421 7451 56 78
4422 5478 -22 -42
4423 4628 66 82
4424 4198 -36 -42
4425 9236 74 23
4426 8905 -39 -56
4427 5132 79 95
4428 2042 -40 -76
4429 9209 99 34
4430 8560 -99 -77
4431 5365 29 10
4432 5371 -10 -31
4433 1512 99 61
4434 5980 -91 -75
4435 4242 0 0
4436 1148 -64 -34
4437 684 91 46
4438 832 -8 -99
4439 5388 46 3
4440 2 -47 -38
4441 1109 38 88
4442 5158 -87 -67
4443 3532 30 19
4444 8218 -45 -78
4445 6112 96 74
4446 9173 -28 -34
4447 329 92 43
4448 7043 -75 -14
4449 3260 26 53
4450 1401 -19 -99
4451 6295 41 92
4452 9414 -81 -62
4453 7327 44 6
4454 1796 -33 -95
4455 8635 9 30
4456 9088 -60 -2
4457 9216 9 94
4458 945 -83 -4
4459 7146 25 76
4460 5080 -12 -33
4461 2060 40 19
4462 648 -56 -9
4463 1761 42 13
4464 3101 -64 -47
4465 759 97 84
4466 2688 -22 -34
4467 8873 17 31
4468 1999 -52 -4
4469 9276 40 53
4470 6765 -50 -64
4471 4471 19 17
4472 4916 -51 -37
4473 2734 39 37
4474 1416 -63 -70
4475 5779 78 16
4476 1003 -97 -65
4477 7696 77 91
4478 9225 -41 -93
4479 855 22 27
4480 3565 -76 -84
4481 4826 62 14
4482 5337 -49 -25
4483 534 56 52
4484 4450 -73 -27
4485 3470 12 19
4486 9439 -2 -52
4487 6830 71 81
4488 7948 -51 -82
4489 9207 6 2
4490 5011 -43 -39
4491 4856 20 40
4492 293 -62 -31
4493 6206 66 22
4494 661 -61 -43
4495 7730 45 50
4496 1012 -61 -11
4497 8951 64 13
4498 7703 -76 -82
4499 1188 96 94
4500 338 -64 -39
4501 4955 98 30
4502 9773 -37 -69
4503 8075 28 59
4504 2847 -11 -62
4505 606 29 44
4506 8018 -33 -30
4507 265 95 57
4508 3372 -45 -62
4509 2882 46 41
4510 5652 -71 -12
4511 4548 70 30
4512 1734 -99 -65
4513 6553 7 98
4514 8217 -84 -20
4515 6622 51 62
4516 4803 -81 -62
4517 4518 79 64
4518 4441 -33 -75
4519 9912 83 45
4520 6482 -30 -63
4521 1712 34 60
4522 2804 -53 -79
4523 9312 24 81
4524 615 -82 -79
4525 6978 41 45
4526 9065 -25 -41
4527 2656 92 71
4528 5036 -94 -63
4529 2123 98 8
4530 7027 -88 -76
4531 1429 73 76
4532 4850 -99 -48
4533 7021 37 20
4534 6483 -12 -57
4535 1444 10 77
4536 7850 -97 -28
4537 3649 86 70
4538 7175 -9 -14
4539 2428 58 62
4540 1860 -37 -85
4541 4234 12 41
4542 9537 0 -36
4543 4901 59 41
4544 698 -18 -21
4545 9535 84 3
4546 3455 -47 -74
4547 8930 5 99
4548 1544 -89 -77
4549 2240 30 19
4550 1690 -54 -73
4551 4597 29 94
4552 4377 -96 -40
4553 2103 54 81
4554 3230 -80 -98
4555 4972 50 26
4556 6009 -93 -76
4557 6636 41 91
4558 5020 -57 -10
4559 6554 34 69
4560 3430 -8 -68
4561 1875 56 91
4562 9507 -41 -73
4563 1630 89 49
4564 8060 -32 -15
4565 8021 24 7
4566 392 -12 -64
4567 4275 77 53
4568 2854 -7 -26
4569 2282 59 69
4570 1733 -13 -93
4571 4831 46 27
4572 9336 -63 -22
4573 6766 41 0
4574 4844 -62 -98
4575 7308 12 5
4576 986 -42 -35
4577 4429 91 85
4578 9921 -8 -50
4579 7435 63 25
4580 6805 -25 -99
4581 843 85 89
4582 8060 -28 -58
4583 3511 4 3
4584 7552 -20 -7
4585 630 68 48
4586 877 -11 -52
4587 3224 55 66
4588 4018 -7 -87
4589 2955 68 75
4590 8935 -69 -30
4591 5148 18 26
4592 1014 -57 -37
4593 2927 5 90
4594 8524 -94 -34
4595 8885 81 43
4596 2305 -95 -53
4597 9577 42 82
4598 1408 -28 -55
4599 2973 8 36
4600 1513 -80 -4
4601 3249 85 25
4602 4486 -6 -62
4603 9606 22 17
4604 2446 -82 -83
4605 7832 9 31
4606 8833 -27 -77
4607 4665 58 48
4608 1045 -94 -32
4609 1080 19 70
4610 5379 -81 -10
4611 7071 55 1
4612 1324 -29 -8
4613 8138 41 84
4614 1310 -1 -39
4615 739 99 35
4616 5382 -36 -64
4617 402 99 52
4618 9464 -25 -95
4619 3518 99 95
4620 5184 -63 -72
4621 9668 37 80
4622 1475 -55 -64
4623 1653 39 21
4624 8132 -32 -58
4625 4298 41 81
4626 1825 -54 -42
4627 1077 61 88
4628 674 0 -63
4629 8352 12 66
4630 5278 -74 -37
4631 46 65 46
4632 5254 -32 -5
4633 7733 44 34
4634 2826 -12 -55
4635 9181 16 12
4636 3216 -83 -27
4637 4044 50 71
4638 7141 -78 -36
4639 5010 61 68
4640 296 -34 -99
4641 5537 37 54
4642 6590 -74 -20
4643 8942 37 66
4644 4096 -1 -77
4645 7282 88 95
4646 379 -74 -94
4647 6524 74 87
4648 9955 0 -94
4649 2187 32 40
4650 8517 -18 -79
4651 338 8 13
4652 8435 -48 -31
4653 9856 35 33
4654 2728 -14 -48
4655 3422 3 86
4656 1726 -60 -79
4657 9564 25 6
4658 2873 -76 -9
4659 8548 91 94
4660 7771 -26 -63
4661 4619 28 83
4662 9027 -58 -52
4663 5458 41 76
4664 4031 -41 -62
4665 8151 14 81
4666 1653 -9 -22
4667 8110 33 97
4668 8614 -99 -85
4669 1371 34 94
4670 4835 -85 -57
4671 3567 82 94
4672 3701 -87 -14
4673 1487 73 71
4674 2035 -2 -42
4675 4880 22 17
4676 7872 -69 -8
4677 8452 60 48
4678 9552 -6 -91
4679 807 27 33
4680 935 -22 -20
4681 184 8 17
4682 2550 -82 -87
4683 7267 85 99
4684 1984 -8 -42
4685 3210 82 1
4686 9427 -94 -88
4687 3856 63 83
4688 8039 -65 -22
4689 4141 83 51
4690 5260 -84 -68
4691 8447 66 52
4692 3297 -91 -25
4693 2183 30 21
4694 1695 -82 -58
4695 1304 8 2
4696 9559 -41 -92
4697 9614 69 93
4698 5244 -58 -94
4699 6229 65 37
4700 7969 -44 -45
4701 3544 41 33
4702 6751 -36 -54
4703 9982 80 28
4704 210 -6 -27
4705 7305 59 46
4706 7986 -60 -36
4707 8415 66 74
4708 1919 -1 -60
4709 827 39 84
4710 9910 -59 -55
4711 3855 47 13
4712 3645 -33 -8
4713 8496 37 67
4714 3367 -69 -80
4715 952 10 85
4716 9591 -8 -72
4717 135 93 22
4718 392 -24 -46
4719 7114 14 39
4720 2978 -53 -17
4721 3093 70 28
4722 5858 -99 -31
4723 6552 88 67
4724 7428 -8 -87
4725 568 71 51
4726 9703 -98 -28
4727 437 11 67
4728 401 -6 -29
4729 8997 8 71
4730 9538 -98 -19
4731 1544 99 99
4732 7903 -44 -25
4733 3852 25 5
4734 1884 -68 -83
4735 5433 70 23
4736 1997 -49 -9
4737 7683 43 65
4738 8142 -4 -11
4739 9198 15 86
4740 2155 -90 -86
4741 9818 13 49
4742 4967 -36 -4
4743 9130 72 28
4744 1158 -99 -76
4745 24 50 92
4746 8315 -21 -44
4747 7027 22 4
4748 5146 -51 -80
4749 9066 37 97
4750 5896 0 -72
4751 9647 93 78
4752 5733 -25 -80
4753 4131 56 59
4754 9175 -19 -93
4755 3299 26 64
4756 9918 -51 -61
4757 9025 65 24
4758 7129 -15 -84
4759 5907 62 28
4760 9505 -67 -8
4761 3721 64 92
4762 2265 -93 -10
4763 3720 24 80
4764 6310 -30 -94
4765 2176 43 61
4766 956 -87 -78
4767 4085 9 0
4768 1590 -58 -55
4769 2795 70 40
4770 2213 -84 -70
4771 5980 40 48
4772 2308 -57 -23
4773 7355 65 24
4774 1870 -9 -7
4775 3419 12 28
4776 5288 -34 -72
4777 5652 21 60
4778 4306 -74 -49
4779 5174 14 49
4780 1474 -66 -3
4781 682 81 54
4782 4251 -95 -9
4783 4070 0 41
4784 8349 -46 -22
4785 6265 53 44
4786 5324 -70 -66
4787 1422 11 55
4788 6420 0 -77
4789 1269 98 75
4790 6945 -55 -18
4791 6904 86 88
4792 4707 -45 -21
4793 2094 87 28
4794 4943 -93 -59
4795 5350 58 14
4796 1433 -42 -91
4797 6015 43 17
4798 7787 -39 -59
4799 5522 63 36
4800 1703 -10 -66
4801 2111 38 96
4802 1343 -55 -85
4803 1346 78 29
4804 3615 -62 -77
4805 5174 89 91
4806 8617 -69 -74
4807 3970 76 84
4808 860 -48 -90
4809 8022 22 5
4810 3526 -92 -42
4811 5706 99 58
4812 3637 -53 -10
4813 580 33 72
4814 3110 -79 -14
4815 8552 74 17
4816 5102 -3 -8
4817 2722 59 95
4818 7897 -86 -11
4819 6133 93 87
4820 416 -49 -56
4821 4350 37 6
4822 6047 -96 -69
4823 5839 43 25
4824 3040 -15 -64
4825 150 74 66
4826 693 -74 -89
4827 4707 63 62
4828 6882 -26 -67
4829 9427 57 75
4830 4676 -62 -61
4831 6088 13 58
4832 6738 -44 -22
4833 691 30 18
4834 5713 -63 -10
4835 7026 70 63
4836 1384 -36 -76
4837 3777 72 82
4838 2901 -22 -61
4839 8967 55 0
4840 9825 -78 -28
4841 791 18 9
4842 6629 -28 -11
4843 5319 15 92
4844 9818 -91 -70
4845 7148 88 4
4846 4098 -53 -84
4847 7793 45 81
4848 289 -50 -26
4849 3620 72 11
4850 9093 -74 -52
4851 1182 52 54
4852 1353 -14 -71
4853 2381 5 56
4854 8048 -12 -20
4855 4448 17 46
4856 2945 -53 -9
4857 6846 61 17
4858 6386 -69 -34
4859 6078 94 11
4860 1738 -90 -70
4861 1969 0 28
4862 7561 -12 -20
4863 6425 55 9
4864 9505 -53 -75
4865 651 39 67
4866 6339 -8 -79
4867 5626 92 98
4868 6597 -96 -16
4869 6374 51 47
4870 7192 -1 -79
4871 9962 20 2
4872 1692 -11 -97
4873 1649 89 87
4874 5595 -39 -80
4875 1250 24 65
4876 9814 -52 -92
4877 8354 39 31
4878 3116 -26 -80
4879 9785 46 48
4880 7460 -82 -84
4881 2470 64 44
4882 6888 -93 -9
4883 8043 38 88
4884 4420 -94 -58
4885 9009 78 86
4886 5833 -12 -41
4887 7245 43 69
4888 8483 -33 -85
4889 8322 42 96
4890 9239 -90 -12
4891 3897 73 31
4892 2104 -67 -67
4893 2613 24 80
4894 7765 -19 -56
4895 9200 36 46
4896 7768 -55 -70
4897 8243 39 68
4898 1035 -82 -26
4899 5 39 34
4900 1604 -49 -94
4901 1103 93 65
4902 69 -37 -62
4903 8070 59 44
4904 610 -74 -1
4905 8701 30 11
4906 8806 -51 -99
4907 7488 39 66
4908 6064 -21 -54
4909 3386 49 13
4910 6264 -43 -96
4911 1507 67 78
4912 5394 -61 -31
4913 7177 19 88
4914 7025 -74 -81
4915 9305 83 16
4916 347 -18 -88
4917 5631 76 43
4918 6064 -47 -37
4919 2078 13 15
4920 3931 -86 -1
4921 2503 18 45
4922 5944 -77 -55
4923 4369 50 30
4924 5833 -43 -31
4925 8144 54 52
4926 1866 -2 -87
4927 6603 0 12
4928 4934 -57 -31
4929 946 41 68
4930 8100 -86 -35
4931 3319 0 6
4932 6962 -33 -12
4933 4251 52 35
4934 2269 -46 -84
4935 2917 86 41
4936 7955 -73 -99
4937 6667 51 4
4938 3689 -89 -78
4939 1856 37 17
4940 8239 -99 -28
4941 9509 71 22
4942 5935 -40 -30
4943 3086 4 69
4944 7841 -19 -16
4945 6020 18 43
4946 5683 -36 -98
4947 8361 15 91
4948 5840 -43 -38
4949 2737 77 41
4950 8433 -71 -68
4951 704 8 24
4952 6197 -71 -41
4953 9907 26 67
4954 4615 -24 -18
4955 958 36 59
4956 5025 -4 -56
4957 8434 11 61
4958 7171 -74 -11
4959 8968 54 47
4960 510 -85 -90
4961 7129 13 75
4962 8548 -31 -5
4963 4457 71 34
4964 4605 -45 -93
4965 529 36 95
4966 4790 -30 -79
4967 3454 97 74
4968 6703 -42 -75
4969 3631 14 48
4970 6617 -83 -31
4971 5617 39 18
4972 8844 -16 -24
4973 7747 36 55
4974 8242 -5 -69
4975 3341 53 28
4976 8937 -91 -54
4977 6356 4 99
4978 3322 -3 -39
4979 3703 64 55
4980 4302 -42 -95
4981 2913 0 15
4982 8406 -31 -36
4983 395 46 16
4984 1526 -43 -5
4985 8536 72 15
4986 394 -71 -52
4987 8894 83 57
4988 5919 -69 -70
4989 2736 44 82
4990 9811 -6 -2
4991 7436 3 86
4992 420 -90 -38
4993 952 28 52
4994 3159 -21 -49
4995 7090 98 78
4996 5382 -32 -22
4997 9999 1 95
4998 7907 -99 -43
4999 4716 44 55
5000 7502 -28 -32
