1 7701 9089 1498
2 9773 6304 960
3 3837 473 2446
4 2595 3400 6250
5 9680 5583 4012
6 181 3752 5613
7 8661 3958 9932
8 4652 97 5445
9 2513 7089 1968
10 4933 3774 6755
11 3542 205 7014
12 9226 1726 5046
13 2402 618 2284
14 9135 7267 5522
15 8652 5703 6200
16 8529 2325 5968
17 3740 9818 5602
18 3077 2819 1004
19 6223 7474 3902
20 9524 2928 3782
21 9358 9087 6620
22 8926 5396 2504
23 2781 8688 3085
24 2621 6450 9485
25 3861 7985 1899
26 5725 5733 2864
27 4637 8970 9354
28 7193 7876 6491
29 2489 9589 5625
30 4961 9658 6766
31 1852 3522 8556
32 1386 458 252
33 3373 592 4431
34 5462 4337 9156
35 3944 1580 2496
36 6061 8558 1567
37 9891 1282 9418
38 6701 5727 1778
39 3956 7903 8525
40 4049 4553 1483
41 8076 400 5334
42 6845 2300 1946
43 2208 1006 7815
44 8642 2922 160
45 3760 5528 9116
46 1333 3368 4472
47 5648 6671 8332
48 7136 7588 7723
49 8701 5619 7634
50 7358 2364 7342
51 5581 201 4620
52 1255 9275 609
53 9220 6786 6441
54 4467 3565 9201
55 4512 4331 3980
56 9413 9404 9680
57 9424 4283 1634
58 4734 924 9091
59 3198 720 4370
60 2888 9707 8021
61 5538 1498 8455
62 6221 1808 7900
63 3031 4783 8940
64 720 6307 2018
65 8875 3483 2946
66 3151 1434 5360
67 8187 2132 4077
68 9271 1736 9300
69 8023 6986 4550
70 2695 5540 5672
71 7902 7298 9640
72 4948 9404 7990
73 6309 2211 2773
74 115 8548 4808
75 2655 1803 162
76 2221 999 7475
77 981 1370 2271
78 5429 134 4618
79 5158 792 8613
80 5905 140 5856
81 3109 8029 498
82 7233 4874 8666
83 2800 812 4774
84 9426 786 2370
85 4507 3554 8726
86 9103 1779 8815
87 4812 6932 765
88 6279 3284 5861
89 1318 9141 8614
90 8935 2392 5323
91 2402 4789 7280
92 9624 5578 213
93 4808 5179 5319
94 3451 2152 7407
95 8757 5467 3445
96 7448 4868 6758
97 4838 8902 3279
98 8642 6988 2770
99 1503 9369 5518
100 9650 8045 4325
101 7396 6379 3184
102 4358 6706 9832
103 8551 7813 8553
104 1772 8482 8364
105 6621 4215 6176
106 5198 6649 9650
107 9782 4662 6360
108 3759 1582 6593
109 4181 3685 6518
110 8500 8963 6435
111 7456 8551 1353
112 2192 7566 7223
113 863 3460 9784
114 6783 3718 3527
115 7524 647 2417
116 3079 6842 1354
117 8818 549 3904
118 9951 4381 5625
119 3484 8766 2660
120 5158 8318 3482
121 2163 9939 9670
122 8202 7162 6076
123 7207 9655 4499
124 1754 1592 3772
125 1970 475 7646
126 4917 3041 9858
127 4547 8835 2169
128 2004 3397 4512
129 1744 7937 4335
130 6893 845 6642
131 9848 6392 8546
132 6857 9877 6281
133 4188 8101 2714
134 1560 615 1778
135 1113 4640 8153
136 3345 1058 3305
137 2921 8398 965
138 3270 8361 4220
139 1250 1790 3653
140 9593 1036 9616
141 977 3523 7070
142 9442 529 9946
143 5145 3098 5184
144 308 1119 4117
145 6286 1568 4067
146 9983 9337 4054
147 5641 7122 5130
148 4928 1546 9859
149 9314 5534 5461
150 1233 3414 9973
151 3924 3485 5368
152 6462 1994 6338
153 5486 346 5907
154 6500 2098 9512
155 2869 8244 762
156 3762 8670 6226
157 9973 8353 5335
158 6227 933 9782
159 9813 972 2009
160 3612 8048 9074
161 6641 2004 2753
162 640 6704 5052
163 1161 355 1519
164 1350 848 5172
165 7171 4745 5115
166 6353 5743 9159
167 466 7073 4425
168 7629 5575 3666
169 7443 2073 616
170 7620 6922 542
171 8037 4698 8986
172 4729 7048 1848
173 4282 7948 1437
174 326 4693 7762
175 432 4242 3864
176 2735 2521 922
177 2276 6133 1742
178 3348 8206 8579
179 5879 4878 1911
180 6991 3959 4413
181 6352 991 7309
182 4984 9004 5203
183 539 203 9007
184 5869 911 7641
185 3948 5831 1508
186 4362 8845 5757
187 1485 7526 3866
188 4222 7736 3081
189 1836 3101 4916
190 9586 7004 6090
191 1856 8189 8697
192 2116 8260 2941
193 5283 7280 8357
194 4032 8975 8021
195 1068 3270 9641
196 518 9807 2193
197 8762 4382 1666
198 7574 8304 1324
199 43 3344 5236
200 8369 6407 5234
201 8403 7423 8444
202 3655 8 3413
203 3303 6685 2699
204 6414 7930 4434
205 47 1279 2069
206 5333 587 9971
207 254 7779 2912
208 9330 7871 5769
209 3605 9787 2955
210 2086 1398 2552
211 160 1601 91
212 8062 9794 8237
213 631 1104 126
214 1334 8399 3839
215 6687 1801 8706
216 2631 1734 854
217 2476 4069 6133
218 6743 2742 8362
219 3788 5896 5837
220 3823 6099 8140
221 4775 5255 2358
222 1334 6530 716
223 5182 7105 3507
224 9748 8290 5466
225 8406 9950 6493
226 2874 5778 7202
227 2755 4727 5315
228 7499 4399 7098
229 3567 1765 4638
230 3476 1602 1215
231 4132 452 6742
232 2866 7391 9577
233 6476 9211 5665
234 6634 7284 4748
235 7823 2041 3462
236 3451 2882 9107
237 8796 678 4952
238 5812 2140 1669
239 8983 7302 8219
240 8702 6433 7099
241 1169 4360 3686
242 9847 7066 1624
243 1183 2230 6029
244 7632 7603 4252
245 7896 8354 8579
246 4875 1966 4216
247 1681 272 568
248 3861 9001 9808
249 7850 8834 4587
250 4629 8659 5989
251 1227 3812 2445
252 2452 2350 2445
253 4459 580 8414
254 3151 9918 5157
255 205 2286 3576
256 7738 4385 2776
257 7205 4818 3078
258 7113 4204 1787
259 1718 6294 6246
260 3195 6515 9997
261 1095 6642 3805
262 9621 1780 5706
263 5036 5089 5781
264 9365 153 3991
265 654 8591 5264
266 3859 495 5853
267 2131 3818 5330
268 9397 1121 6619
269 223 6609 8470
270 9255 4391 9810
271 5150 5381 4515
272 4180 5782 3690
273 6985 396 7723
274 79 3205 2627
275 2352 9982 8788
276 4549 3007 8727
277 4054 7281 7269
278 3276 4110 7077
279 49 4685 2177
280 7044 2197 8684
281 2683 4079 5784
282 6891 8740 3094
283 7745 3178 8438
284 66 135 3622
285 8684 7415 4538
286 6074 8764 4808
287 3023 1992 7224
288 1046 9126 9713
289 7179 1040 8258
290 1637 4507 7108
291 9237 6799 300
292 9007 2698 6257
293 8119 6257 6260
294 4088 254 5693
295 7356 2763 1113
296 668 2299 9897
297 6239 2890 3765
298 298 3119 1420
299 4837 2545 3079
300 8618 9244 8702
301 286 8851 3846
302 4249 3184 473
303 2034 5165 8653
304 4991 7828 2991
305 2139 2617 4330
306 4252 8130 7484
307 7848 1773 1821
308 8498 2560 6523
309 2711 3145 2250
310 7342 8630 2626
311 5126 8076 7196
312 6350 8854 3360
313 9831 6660 1094
314 9060 4520 273
315 8898 9069 8626
316 6073 9430 648
317 7402 5915 8881
318 6635 3103 7294
319 3547 8284 7583
320 6099 2521 7889
321 7024 620 9530
322 5480 5069 9753
323 817 7532 651
324 6893 419 7280
325 4364 3671 5711
326 52 7103 2334
327 7742 4708 6904
328 2018 5889 6218
329 6104 2073 2086
330 9272 1231 5196
331 1746 3479 2303
332 7832 4013 8927
333 4820 8278 4939
334 6365 1548 8375
335 6298 4713 4127
336 7261 3130 3066
337 4782 4667 3287
338 1027 481 7507
339 6115 3751 8271
340 7516 2707 389
341 3598 4571 9922
342 7915 5558 8053
343 3013 7405 6592
344 3708 463 6237
345 3303 8227 5903
346 9376 749 5640
347 3526 3784 4485
348 7070 1377 1865
349 9038 9439 8582
350 6743 2751 9329
351 5212 9414 3379
352 430 1008 7031
353 3892 6892 2715
354 4724 3693 1139
355 6814 5784 5326
356 7198 2322 8508
357 3485 3049 3760
358 267 1238 6001
359 8810 7138 4783
360 609 9324 6401
361 8323 2535 1179
362 5947 9452 2421
363 8883 4373 5699
364 5327 3351 8503
365 4869 7199 8771
366 4389 5164 5998
367 5851 7332 7543
368 6056 5684 70
369 7747 4551 4163
370 227 2563 3503
371 3639 2365 8270
372 3656 1646 8535
373 2215 8200 9009
374 3347 3500 5464
375 9321 1845 3205
376 8557 6203 9974
377 9126 6703 4559
378 7096 8511 7192
379 1981 7979 358
380 5761 6886 8577
381 6441 7805 7841
382 388 9764 8882
383 9776 9351 6009
384 9942 2974 8743
385 5799 4258 1807
386 2057 2111 2037
387 1758 1468 9589
388 5512 9536 2612
389 5714 3591 6645
390 2067 5021 311
391 766 143 680
392 9434 5044 8905
393 7736 3349 5662
394 8635 2623 8976
395 654 3707 4797
396 155 7639 5249
397 2373 9578 8818
398 1708 4076 6766
399 5146 1753 5798
400 7317 4389 9218
401 7923 5040 7385
402 395 5570 2918
403 2076 1366 3085
404 7758 7056 8313
405 5734 2722 7816
406 5158 1096 9542
407 4004 7938 9632
408 7249 3307 4520
409 9138 878 6301
410 8022 9102 4404
411 8878 1232 8767
412 3281 2052 9934
413 5111 8304 7632
414 5769 769 2696
415 3459 9124 2847
416 4080 8648 5988
417 3004 6328 507
418 6030 4588 7435
419 4008 2459 5010
420 8079 3646 8596
421 2979 7405 6237
422 7191 2271 7936
423 4902 5790 7191
424 9577 6075 6364
425 7970 6492 2051
426 7155 3126 5758
427 7668 4023 2358
428 9446 196 362
429 395 1321 362
430 6737 2177 5095
431 2180 7241 1986
432 6200 781 9028
433 3241 1701 8879
434 2720 2738 9411
435 8680 9371 1205
436 2462 4769 8349
437 6367 8687 9215
438 7854 5905 8109
439 5625 7790 4754
440 7141 890 5435
441 7332 9364 8052
442 7115 602 8250
443 1120 1233 6181
444 4734 9575 1062
445 6131 7802 262
446 1666 9436 6295
447 2121 9271 8419
448 5949 803 5430
449 2134 1666 7131
450 1719 2427 3759
451 452 8198 9799
452 7655 1626 4208
453 9222 3352 6059
454 9095 4759 3810
455 4238 6404 5179
456 7420 8189 9367
457 1213 2229 342
458 4701 140 3138
459 9523 7589 5177
460 3050 9603 253
461 5608 8265 6912
462 3182 8445 6888
463 7075 9794 3183
464 6691 3356 4229
465 7611 7559 8097
466 8214 5082 6788
467 6284 6844 6080
468 9044 624 5973
469 5455 2986 8647
470 2140 8266 6589
471 6520 9492 8489
472 7196 7661 3048
473 7982 6916 4459
474 8875 4345 9038
475 7033 8486 7750
476 8159 9717 3211
477 4431 199 9030
478 4471 3361 4191
479 6565 728 5790
480 7870 3421 8516
481 6699 575 7081
482 4425 9693 423
483 9365 4485 541
484 3413 3458 1835
485 3511 2610 8949
486 7622 663 2808
487 465 6595 9971
488 1307 7503 6313
489 8296 5036 9941
490 709 4935 2371
491 3705 4812 9032
492 1191 5839 2435
493 7502 8312 7115
494 5168 8111 4332
495 5322 2811 3674
496 4795 5885 725
497 5577 9278 5912
498 7938 7168 2984
499 4712 1213 1713
500 8872 7288 5544
501 1063 4619 8613
502 3084 7854 4261
503 8477 7888 5295
504 5013 4214 2007
505 6207 9682 4491
506 5563 5382 3141
507 8789 183 9454
508 3480 2725 7289
509 381 2778 7860
510 4621 7639 1267
511 5948 3254 9566
512 5779 9438 6147
513 5533 3170 5250
514 5141 4371 1737
515 2113 9161 782
516 7435 4715 9239
517 5366 8343 1172
518 9585 6871 8346
519 2966 8614 6738
520 7316 1805 2096
521 4224 1174 4485
522 6125 7024 1309
523 3696 8458 400
524 6747 8828 6082
525 3869 3644 4005
526 7346 8347 2775
527 5534 290 1352
528 5717 2004 8343
529 9847 3771 8583
530 7445 6759 8993
531 3560 8603 7609
532 302 7237 9673
533 3204 9895 8422
534 5140 303 104
535 3286 1859 1381
536 2824 8842 8732
537 5422 2543 9119
538 4180 9441 4181
539 3999 4337 3135
540 4198 7217 8081
541 4092 910 4832
542 9492 231 522
543 5262 2831 3301
544 812 8145 4117
545 187 4723 619
546 7471 4066 9202
547 3522 5109 2828
548 4631 6553 3754
549 5255 7400 3073
550 6596 5344 2818
551 9876 8590 9098
552 4505 3178 3504
553 5303 7503 4935
554 2870 6194 6073
555 501 2740 4911
556 3969 6201 1674
557 136 2401 7380
558 2266 9899 8158
559 7622 8262 6827
560 1750 3896 1763
561 4176 7088 561
562 183 4544 7769
563 1622 891 3527
564 3840 9016 9098
565 7058 8771 6725
566 7691 2482 2664
567 8759 3506 9640
568 5272 8172 2896
569 9878 2147 5051
570 3246 8631 8584
571 4803 7948 456
572 180 4817 1663
573 6919 7389 8146
574 7863 5242 8996
575 3264 2474 2357
576 3703 1063 8485
577 3443 8171 3364
578 1490 9211 2703
579 8604 4516 5674
580 703 9925 772
581 9913 5954 8308
582 1292 3992 3874
583 6911 5143 9497
584 9520 79 444
585 1521 4423 8350
586 8981 9226 7226
587 5441 7974 2893
588 9282 1386 4606
589 6995 4459 4787
590 8207 3628 6314
591 6702 8982 484
592 960 5456 9014
593 2662 1101 6014
594 1128 2222 7254
595 5313 4829 9164
596 6631 2187 9072
597 1827 4428 8825
598 931 8706 5825
599 8695 6100 438
600 8142 8937 1792
601 4219 1627 2398
602 8510 2164 2184
603 931 4987 1432
604 2648 3057 7992
605 7264 1530 2979
606 1317 8820 6891
607 4432 6458 2769
608 2642 9030 5152
609 3079 3490 3038
610 8222 8144 1421
611 2535 8664 2665
612 2355 5451 1771
613 2618 1796 1044
614 9977 8333 2043
615 4923 4569 2598
616 147 7087 5735
617 8805 3574 3382
618 5045 5395 503
619 7970 3883 918
620 5940 3273 7182
621 5071 3851 1523
622 1559 9952 6715
623 1536 2093 9360
624 6087 3215 5776
625 3656 9445 834
626 783 7929 685
627 3314 3416 8143
628 579 7248 202
629 6655 1128 7781
630 936 3043 5171
631 5228 899 4381
632 5873 3732 4345
633 2730 1091 7962
634 6309 7568 742
635 1767 7906 6767
636 4534 5148 4384
637 1424 2785 5089
638 4545 6460 6137
639 4367 6366 6915
640 8144 5481 4444
641 1734 8116 6007
642 6074 9983 2112
643 3015 6496 9127
644 6650 7280 7849
645 1718 6018 2795
646 2756 6707 6747
647 3548 6184 906
648 3200 2397 8737
649 9747 9659 505
650 5975 2877 8558
651 1843 4302 5617
652 1480 6847 8807
653 3268 7910 4110
654 2779 4461 688
655 8748 1221 7414
656 3293 1354 5843
657 4172 9337 4107
658 1858 2887 1411
659 8191 1696 3999
660 8298 3226 6011
661 8403 2475 9942
662 2193 7326 5983
663 609 4457 3388
664 2648 1546 47
665 6113 4299 8982
666 577 316 4576
667 2308 8751 1293
668 8094 2975 9220
669 9655 9109 4592
670 2548 9759 2265
671 5980 7874 9466
672 1469 9002 5936
673 5559 7682 3466
674 5422 9587 7679
675 864 7640 2861
676 2321 7317 5182
677 2684 7414 6394
678 7097 3294 4301
679 2921 1636 6789
680 9237 2612 9690
681 4922 8403 7587
682 8296 6460 7654
683 3793 9350 4352
684 5472 3738 7993
685 7648 9643 5090
686 7040 8898 1672
687 8560 4844 2687
688 1666 9802 5673
689 7679 8458 378
690 9104 3778 5034
691 481 9390 23
692 3743 6701 6125
693 2387 8868 4688
694 2689 9576 363
695 5594 7158 9178
696 473 4479 1934
697 7849 3080 7871
698 6739 9762 7913
699 5256 6343 7392
700 1938 144 1637
701 5420 5192 1632
702 6013 7320 1258
703 8704 815 7166
704 1507 8872 1837
705 7120 666 9719
706 5185 4648 5008
707 3124 49 5687
708 3185 9802 3783
709 1941 9990 7367
710 2207 295 4249
711 4010 2101 1031
712 6695 3614 3644
713 5368 5069 8960
714 1847 5521 6791
715 9038 7121 8239
716 5252 6657 6054
717 5012 1735 9594
718 6061 3540 4814
719 2755 2864 1915
720 8518 5467 129
721 7049 3984 6903
722 4889 4443 8765
723 6235 4317 7445
724 1326 3516 7423
725 1721 1028 9762
726 6646 6064 3013
727 2809 5301 7583
728 6855 5665 3313
729 3652 1620 1482
730 1131 1950 3245
731 7791 7942 2552
732 4344 6074 6182
733 9333 5427 1124
734 1683 3224 4079
735 249 4900 219
736 6904 7598 7658
737 9834 7340 5273
738 5288 573 1036
739 6287 3123 4776
740 2876 5448 5662
741 7158 9241 7042
742 4816 3600 5950
743 9352 3858 7029
744 3157 7155 7701
745 4583 3035 2035
746 3286 7881 9819
747 678 5385 6203
748 3614 8591 6322
749 1864 2697 3063
750 8307 614 1209
751 4915 7089 448
752 7944 4583 8560
753 822 703 6475
754 1953 2563 2388
755 7044 1695 4481
756 2073 8349 3429
757 4159 5911 4871
758 6391 8548 3223
759 1960 8817 2767
760 3458 9106 247
761 9583 1625 2931
762 6477 2984 5047
763 4319 401 7842
764 7569 4925 1247
765 1670 991 5884
766 9347 1175 8136
767 9382 6614 4787
768 7810 5729 1204
769 4657 4721 9641
770 2879 5515 250
771 1655 9018 3673
772 724 7880 4203
773 1722 4443 8927
774 8457 4625 7411
775 5100 7256 7301
776 8773 6878 1149
777 4141 2570 6875
778 5806 2114 8926
779 3030 7739 1142
780 19 8192 3914
781 1164 2640 8975
782 3907 2489 2073
783 4378 5700 6111
784 2983 3874 5498
785 7408 146 1183
786 2294 2370 2952
787 3926 7349 2068
788 7636 2559 9445
789 5059 3423 1815
790 5349 6169 6352
791 3776 788 5287
792 2745 9168 414
793 2560 1467 5188
794 9382 6667 6775
795 7614 7450 8116
796 9093 695 8229
797 8644 3472 4890
798 5824 7466 5820
799 4141 3802 5746
800 5452 7081 559
801 3360 7047 8357
802 4723 8563 8561
803 4991 737 8815
804 7159 6777 9600
805 3384 2655 8462
806 5224 5375 9325
807 6720 688 2116
808 2581 6952 5497
809 5782 239 998
810 5410 6328 714
811 7745 7642 6761
812 7818 2567 3510
813 4443 9857 427
814 5148 97 7036
815 623 3309 3490
816 4553 1842 7877
817 6190 3218 475
818 4960 9208 556
819 4402 8785 1804
820 4097 2695 5189
821 1662 5957 2394
822 2840 1596 2855
823 6327 4178 3703
824 7125 414 6140
825 8960 8056 8300
826 8819 7676 9648
827 9872 4385 9682
828 8316 1408 8648
829 6714 5832 7132
830 6856 8571 2735
831 9866 1139 6897
832 9899 3869 2368
833 4014 9756 7113
834 2377 5422 1695
835 1277 8125 5495
836 6472 9475 9665
837 3344 5693 6241
838 7514 2771 3925
839 1352 5289 5393
840 242 1539 3549
841 6069 7852 3220
842 497 713 3929
843 8254 8627 2299
844 3649 133 2800
845 5347 620 3208
846 5867 9322 4140
847 501 8756 5367
848 498 2027 5851
849 6225 3143 1298
850 7475 8028 4093
851 1498 2439 321
852 755 2669 5745
853 245 7890 1857
854 9766 8892 7775
855 8516 4257 2479
856 2712 2050 1190
857 3065 6942 270
858 4431 5018 1564
859 4191 8441 8595
860 6892 3884 5015
861 4475 8123 6598
862 9361 8220 3727
863 8250 8437 3125
864 5685 9563 938
865 851 3846 3766
866 8763 4877 6360
867 8737 8409 9331
868 4765 5217 9853
869 4798 6576 4395
870 3332 8213 2859
871 2359 505 440
872 1701 960 4920
873 2872 7854 9868
874 7776 6657 6701
875 1988 5254 409
876 9026 7530 1359
877 3521 2406 9067
878 2428 2713 6085
879 7600 6638 6881
880 8310 8147 9586
881 2855 7062 5155
882 9155 24 3367
883 6856 3771 7425
884 78 3501 7979
885 9321 26 7526
886 6922 3799 3623
887 4360 6937 5014
888 5091 8442 8138
889 6252 7142 6338
890 5070 7755 9506
891 5565 1130 6275
892 8153 427 7349
893 1513 2075 4364
894 3524 8842 4560
895 6678 5754 341
896 6385 5322 6172
897 1134 6988 2651
898 3821 5492 1850
899 8533 6728 8988
900 470 3891 9236
901 1133 5760 3200
902 3828 9621 6862
903 6230 132 3645
904 700 2327 4130
905 6893 556 67
906 3807 7271 4354
907 6226 4196 7675
908 5089 3277 683
909 8555 6970 2195
910 3142 2210 2868
911 2377 5385 6531
912 4757 9266 6173
913 6491 3647 8699
914 5531 4444 48
915 3831 6004 6667
916 3160 2724 9769
917 3194 6338 6142
918 4676 8117 7307
919 576 2784 5637
920 5537 2558 1003
921 4326 6044 2079
922 1076 9000 268
923 7847 6851 1444
924 1935 6389 5480
925 5794 7175 5922
926 2369 3230 6015
927 9755 6716 9430
928 7041 9331 9582
929 6310 9497 5063
930 1762 4628 5952
931 156 4180 2310
932 9352 8624 3928
933 6720 514 1546
934 474 217 2672
935 7773 4626 3261
936 5524 935 7055
937 1316 1413 7481
938 4454 5137 1828
939 842 8580 2194
940 6897 1696 6599
941 2841 8470 7417
942 5751 5118 3632
943 7866 4742 934
944 6239 7236 9216
945 7022 7776 3296
946 738 7747 590
947 9844 9166 5378
948 4849 181 1397
949 5516 2481 5061
950 9230 7570 1936
951 3054 2018 2267
952 6301 7441 6694
953 7891 7292 4746
954 5774 3153 1342
955 8842 3900 7271
956 9937 9952 4272
957 9925 5676 9331
958 8368 9106 2324
959 8554 8390 150
960 7144 8989 4419
961 2287 9599 6955
962 5896 2113 2714
963 8093 2099 7627
964 5111 2006 5045
965 5297 3065 7034
966 1390 5382 8014
967 9549 3835 8572
968 9156 5577 179
969 8849 5213 5221
970 8921 7587 4106
971 5169 381 7697
972 7176 4468 3563
973 6882 6205 6142
974 7869 6187 5014
975 8177 6960 8529
976 6467 667 3634
977 7854 9298 3545
978 6264 5610 2423
979 4574 142 4153
980 3840 7011 5197
981 7924 8232 7245
982 4656 7539 5841
983 1833 6574 7975
984 9444 1705 65
985 7621 3260 1942
986 7358 8065 9997
987 8628 2329 50
988 1673 8148 6982
989 3417 757 6588
990 1439 6946 9300
991 7314 9492 3762
992 704 1804 8910
993 3355 7271 7225
994 8924 8305 2272
995 9143 2184 5788
996 9139 8546 6532
997 2997 9000 192
998 3224 3316 5275
999 4647 9010 7616
1000 1843 6054 3925
1001 8324 8 78
1002 9268 -9 -31
1003 7137 13 4
1004 9719 -49 -2
1005 5971 8 87
1006 6970 -40 -72
1007 9227 28 79
1008 8142 -66 -81
1009 6643 55 90
1010 331 -59 -73
1011 9535 29 34
1012 9723 -13 -70
1013 4211 21 65
1014 5434 -3 -11
1015 3864 19 22
1016 517 -88 -42
1017 2801 90 77
1018 3266 -20 -45
1019 6949 61 6
1020 9260 -48 -21
1021 4261 32 0
1022 3091 -72 -61
1023 7731 23 45
1024 7898 -43 -5
1025 5165 62 96
1026 7873 -67 -86
1027 1981 77 97
1028 7034 -82 -8
1029 7694 30 40
1030 5440 -2 -52
1031 3969 28 71
1032 8392 -29 -30
1033 8800 75 59
1034 2300 -47 -76
1035 6002 74 78
1036 1375 -75 -10
1037 6820 19 36
1038 6827 -69 -78
1039 9895 11 31
1040 9527 -31 -32
1041 472 29 52
1042 3134 -25 -80
1043 4868 29 8
1044 4235 -52 -25
1045 9052 7 84
1046 1305 -13 -21
1047 953 74 64
1048 3112 -88 -58
1049 1642 38 85
1050 7487 -21 -68
1051 1015 83 77
1052 1516 -12 -36
1053 6941 37 90
1054 9088 -28 -94
1055 6774 42 77
1056 63 -81 -42
1057 5665 70 56
1058 9287 -58 -89
1059 7503 61 90
1060 8055 -94 -31
1061 7550 93 7
1062 9312 -90 -5
1063 6578 1 65
1064 6512 -55 -44
1065 5186 53 53
1066 5782 -75 -30
1067 7299 57 91
1068 8374 -51 -2
1069 1667 92 51
1070 965 -71 -28
1071 2739 94 32
1072 3380 -39 -74
1073 6996 67 61
1074 6225 -32 -73
1075 1132 31 59
1076 2833 -43 -78
1077 4584 42 6
1078 4029 -96 -80
1079 3997 22 1
1080 606 -11 -48
1081 5538 55 25
1082 3296 -74 -75
1083 7242 43 12
1084 6545 -75 -33
1085 4324 53 60
1086 5106 -65 -22
1087 1366 53 77
1088 9854 -68 -45
1089 553 13 29
1090 9376 -29 -3
1091 2926 48 24
1092 5700 -83 -42
1093 1303 6 10
1094 1806 -83 -64
1095 1761 74 31
1096 9371 -26 -68
1097 7544 51 94
1098 3014 -89 0
1099 9844 10 32
1100 409 -47 -22
1101 1413 72 98
1102 9829 -52 -84
1103 5535 49 45
1104 8976 -45 -41
1105 2149 36 9
1106 3428 -5 -93
1107 8898 97 23
1108 8553 -76 -31
1109 9830 26 12
1110 6799 -6 -8
1111 8459 54 9
1112 2477 -62 -79
1113 291 34 68
1114 2532 -24 -35
1115 9566 5 94
1116 4923 -74 -12
1117 5090 86 48
1118 3987 -73 -96
1119 6016 10 86
1120 5887 -55 -26
1121 1479 60 60
1122 4358 -22 -77
1123 8416 26 19
1124 6801 -10 -90
1125 2507 66 83
1126 7466 -49 -24
1127 8758 75 8
1128 1025 -32 -49
1129 2399 18 80
1130 6633 -19 -22
1131 3483 29 95
1132 5094 -16 -29
1133 6658 96 96
1134 1866 -1 -74
1135 4975 15 21
1136 6179 -71 -18
1137 5660 80 55
1138 9627 -37 -70
1139 2136 64 32
1140 97 -1 -52
1141 9537 1 90
1142 2193 -1 -4
1143 2421 98 56
1144 9732 -15 -2
1145 8185 4 88
1146 2606 -44 -93
1147 9634 56 64
1148 3894 -69 -37
1149 5496 20 46
1150 7424 -31 -74
1151 3154 20 71
1152 7467 -41 -75
1153 178 48 93
1154 9900 -2 -83
1155 3628 49 78
1156 7826 -89 -32
1157 493 43 84
1158 785 -96 -92
1159 2754 41 48
1160 9207 -92 -27
1161 4765 96 66
1162 5064 -34 -40
1163 9649 99 92
1164 8739 -42 -42
1165 7048 97 37
1166 7187 -53 -79
1167 8799 34 33
1168 9062 -20 -56
1169 9504 85 68
1170 5836 -16 -31
1171 5118 98 94
1172 6762 -62 -37
1173 5367 14 33
1174 543 -23 -23
1175 3764 10 56
1176 469 -57 -40
1177 2147 9 1
1178 842 -75 -64
1179 871 93 98
1180 9751 -63 -88
1181 8605 49 54
1182 7665 -84 -78
1183 9760 79 32
1184 1581 -18 -52
1185 4774 77 53
1186 8832 -64 -61
1187 620 10 37
1188 8090 -9 -4
1189 256 42 21
1190 3000 -85 -78
1191 2033 74 17
1192 4183 -95 -30
1193 4354 73 30
1194 3202 -36 -35
1195 5348 84 19
1196 4756 -32 -96
1197 8984 7 43
1198 4837 -88 -26
1199 4431 24 24
1200 9108 -27 -96
1201 3639 34 57
1202 4866 -32 -50
1203 5860 46 47
1204 6393 -77 -35
1205 7921 77 22
1206 8725 -95 -61
1207 741 19 57
1208 5543 -70 -32
1209 7425 58 47
1210 2715 -23 -47
1211 987 49 47
1212 4280 -38 -35
1213 1976 63 13
1214 8464 -41 -88
1215 6855 88 91
1216 7930 -93 -20
1217 497 86 52
1218 9442 -17 -42
1219 9606 54 62
1220 4736 -49 -82
1221 1500 48 88
1222 8785 -72 -85
1223 4949 43 47
1224 4813 -80 -26
1225 1986 21 85
1226 3975 -67 -47
1227 5040 67 44
1228 8922 -89 -49
1229 8284 9 72
1230 6331 -85 -47
1231 9333 6 35
1232 7005 -29 -52
1233 4149 3 18
1234 3878 -73 -52
1235 5825 84 7
1236 4578 -73 -61
1237 2390 27 19
1238 6237 0 -8
1239 6364 57 82
1240 2097 -22 -95
1241 5319 70 50
1242 4038 -5 -43
1243 2836 14 88
1244 8120 -58 -1
1245 5187 71 62
1246 5636 -23 -47
1247 5375 5 71
1248 5929 -54 -76
1249 523 58 36
1250 2252 -91 -12
1251 3534 88 31
1252 7610 -33 -34
1253 4553 45 73
1254 73 -53 -12
1255 9574 86 80
1256 543 -22 -40
1257 9448 40 76
1258 26 -24 -25
1259 5260 94 32
1260 5590 -55 -32
1261 9731 27 82
1262 2756 -29 -53
1263 8054 98 61
1264 4375 -91 -47
1265 7460 8 42
1266 1410 -35 -24
1267 7995 36 51
1268 5305 -31 -32
1269 2652 67 77
1270 3079 -45 -11
1271 4497 48 38
1272 2921 -62 -12
1273 9594 52 11
1274 9034 -97 -46
1275 5787 77 43
1276 3402 -45 -72
1277 3215 16 31
1278 4460 -45 -77
1279 3167 68 77
1280 64 -91 -75
1281 2830 2 7
1282 2332 -62 -6
1283 3070 2 71
1284 1172 -84 -33
1285 9755 56 42
1286 9543 -94 -2
1287 3953 38 29
1288 1639 -43 -52
1289 8534 3 84
1290 3106 -65 -84
1291 7495 11 2
1292 4138 -99 -71
1293 4818 11 49
1294 106 -25 -46
1295 826 90 70
1296 7959 -3 -91
1297 5345 34 83
1298 3840 -83 -8
1299 5884 46 1
1300 645 -35 -82
1301 8180 26 9
1302 9280 -58 -10
1303 2897 99 89
1304 4621 -58 -49
1305 4432 72 20
1306 1072 -4 -13
1307 70 23 58
1308 9881 -75 -6
1309 6560 11 19
1310 5317 -18 -46
1311 1275 76 66
1312 7032 -17 -98
1313 5217 8 36
1314 5440 -57 -89
1315 4817 4 85
1316 4280 -2 -60
1317 1096 74 87
1318 2696 -71 -14
1319 7430 33 22
1320 7878 -18 -23
1321 3419 54 40
1322 6409 -66 -73
1323 3635 8 96
1324 9998 -54 -78
1325 8615 75 80
1326 7586 -48 -11
1327 934 14 42
1328 5986 -30 -43
1329 8601 98 56
1330 957 -24 -28
1331 1801 91 23
1332 1817 -14 -12
1333 3572 32 39
1334 923 -27 -11
1335 879 80 83
1336 9816 -80 -83
1337 5124 28 44
1338 2921 -27 -52
1339 5357 27 56
1340 4141 -7 -28
1341 3149 89 43
1342 6877 -74 -30
1343 382 72 17
1344 6248 -97 -35
1345 6263 26 42
1346 4558 -7 -43
1347 2466 94 38
1348 7320 -19 -21
1349 2064 96 62
1350 1983 -26 -15
1351 8750 29 94
1352 5131 -25 -20
1353 5673 33 82
1354 7258 -62 -25
1355 2050 63 76
1356 8942 -46 -14
1357 175 42 80
1358 4064 -61 -51
1359 6593 33 90
1360 4331 -48 -16
1361 362 65 61
1362 4951 -41 -74
1363 6839 63 65
1364 8771 -62 -22
1365 5243 18 26
1366 8625 -15 -43
1367 7485 43 18
1368 368 -32 -45
1369 5753 80 10
1370 3649 -43 -95
1371 779 86 35
1372 7269 -23 -3
1373 8860 33 18
1374 1337 -60 -31
1375 1800 28 95
1376 324 -73 -7
1377 7827 89 78
1378 6909 -43 -44
1379 4995 39 56
1380 6481 -86 -3
1381 6978 67 5
1382 6857 -60 -57
1383 6976 62 52
1384 4678 -36 -17
1385 3630 24 74
1386 1431 -85 -43
1387 2611 86 83
1388 5848 -19 -49
1389 1083 53 4
1390 4522 -51 -60
1391 9860 93 56
1392 2207 -18 -12
1393 8717 76 98
1394 9051 -2 -83
1395 2130 45 73
1396 9969 -50 -76
1397 5172 95 16
1398 8116 -18 -24
1399 9238 61 28
1400 4620 -76 -16
1401 1000 33 87
1402 6133 -16 -50
1403 7346 50 13
1404 897 -53 -16
1405 8250 47 45
1406 9274 -68 -15
1407 8099 46 53
1408 8748 -5 -4
1409 3464 86 86
1410 1093 -37 -50
1411 3661 19 46
1412 639 -49 -40
1413 8297 78 91
1414 1047 -4 -27
1415 9017 89 52
1416 8704 -32 -20
1417 7851 66 9
1418 928 -14 -25
1419 8373 56 2
1420 5836 -72 -18
1421 9201 14 98
1422 3843 -43 -10
1423 704 13 18
1424 8323 -91 -31
1425 9691 85 5
1426 6797 -55 -72
1427 8956 91 49
1428 5335 -94 -42
1429 6805 78 49
1430 6700 -65 -59
1431 4338 4 17
1432 3288 -88 -46
1433 9281 22 30
1434 9637 -94 -64
1435 9892 88 39
1436 3059 -79 -30
1437 1502 94 58
1438 6410 -63 -59
1439 8905 28 10
1440 1045 -62 -18
1441 8242 4 85
1442 8534 -59 -50
1443 4181 58 97
1444 5548 -36 -4
1445 3524 30 92
1446 2352 -98 -18
1447 3954 57 20
1448 995 -14 -63
1449 2010 39 22
1450 3635 -55 -45
1451 9417 58 18
1452 6832 -69 -53
1453 6615 0 95
1454 3548 -38 -6
1455 4908 86 1
1456 7680 -75 -65
1457 9721 97 2
1458 7133 -83 -22
1459 7324 44 89
1460 8021 -2 -38
1461 6533 3 18
1462 1562 -23 -86
1463 7200 45 50
1464 1964 -71 -9
1465 2642 0 95
1466 1728 -1 -75
1467 7780 15 59
1468 9947 -71 -3
1469 5933 47 10
1470 5197 -91 -69
1471 4487 94 1
1472 7532 -26 -65
1473 6146 67 92
1474 523 -2 -88
1475 1476 69 70
1476 532 -71 -46
1477 7569 58 46
1478 2776 -34 -63
1479 5749 37 70
1480 3191 -47 -76
1481 8262 8 81
1482 6433 -69 -61
1483 2969 74 49
1484 7097 -76 -12
1485 7945 44 17
1486 4467 -90 -71
1487 1737 2 80
1488 9783 -57 -50
1489 8610 2 95
1490 4366 -34 -11
1491 4022 11 85
1492 4328 -93 -48
1493 6456 59 40
1494 6385 -38 -2
1495 5175 69 74
1496 1178 -67 -88
1497 9028 44 66
1498 9256 -57 -65
1499 4981 13 76
1500 1301 -16 -16
1501 7660 12 44
1502 9599 -41 -89
1503 3164 9 6
1504 2960 -43 -19
1505 7787 2 19
1506 6150 -89 -54
1507 5232 28 28
1508 6859 -19 -18
1509 4151 36 68
1510 2345 -94 -85
1511 3546 53 14
1512 9156 -88 -6
1513 5136 62 25
1514 3897 -52 -10
1515 8282 42 2
1516 7406 -66 -82
1517 7344 37 99
1518 3116 -80 -27
1519 8249 47 43
1520 4160 -39 -7
1521 1955 27 64
1522 9118 -42 -74
1523 4993 99 8
1524 8009 -91 -71
1525 6341 29 53
1526 7378 -49 -77
1527 24 23 43
1528 4226 -10 -6
1529 1735 30 69
1530 2733 -86 -63
1531 26 67 46
1532 1365 -54 -68
1533 7781 32 69
1534 2424 -36 -66
1535 8962 47 39
1536 4800 -83 -10
1537 9255 99 18
1538 1026 -34 -61
1539 4770 78 21
1540 5468 -89 -1
1541 4430 51 4
1542 4831 -87 -23
1543 5643 37 89
1544 2415 -12 -57
1545 9729 4 15
1546 9364 -29 -22
1547 4256 72 72
1548 8049 -1 -17
1549 5018 51 46
1550 5771 -37 -10
1551 6283 33 4
1552 3635 -81 -43
1553 4690 40 89
1554 969 -76 -54
1555 3149 14 6
1556 1437 -19 -59
1557 989 69 20
1558 196 -11 -57
1559 6115 77 56
1560 1384 -95 -60
1561 4843 4 95
1562 241 -97 -30
1563 9819 19 14
1564 8777 -42 -97
1565 9564 16 51
1566 9361 -14 -9
1567 216 31 59
1568 1735 -81 -91
1569 9330 80 41
1570 9905 -88 -98
1571 955 23 96
1572 9604 -85 -11
1573 4528 46 15
1574 9320 -84 -60
1575 2795 32 53
1576 7982 -23 -46
1577 6388 27 8
1578 6526 -86 -77
1579 1960 90 31
1580 3986 -46 -29
1581 8143 71 92
1582 5474 -50 -13
1583 3228 90 35
1584 4450 -79 -9
1585 8764 99 66
1586 5404 -54 -15
1587 6344 15 8
1588 9899 -22 -68
1589 6295 3 10
1590 2643 -47 -47
1591 7480 90 61
1592 6563 -50 -28
1593 9946 18 30
1594 5752 -72 -51
1595 8111 9 37
1596 1238 -8 -79
1597 1159 47 65
1598 312 -99 -40
1599 4453 42 94
1600 4831 -29 -88
1601 3916 15 70
1602 6074 -55 -35
1603 2656 28 70
1604 3431 -82 -57
1605 4571 68 4
1606 710 -33 -41
1607 3843 11 59
1608 9603 -11 -50
1609 2312 59 77
1610 2718 -5 -57
1611 5125 31 22
1612 1021 -6 -27
1613 1827 18 53
1614 3883 -1 -87
1615 1733 11 1
1616 5663 -53 -61
1617 6997 82 27
1618 2995 -91 -33
1619 6623 4 57
1620 5129 -53 -42
1621 8715 8 8
1622 1155 -63 -51
1623 1134 17 6
1624 9016 -47 -52
1625 3437 96 14
1626 3122 -23 -75
1627 3643 62 2
1628 7341 -48 -70
1629 1593 66 25
1630 582 -20 -88
1631 4326 7 65
1632 7272 -37 -10
1633 5593 87 25
1634 8792 -12 -76
1635 9966 86 28
1636 7174 -95 -32
1637 2053 62 82
1638 5872 -53 -16
1639 8128 43 41
1640 5881 -23 -8
1641 1937 98 91
1642 2339 -86 -76
1643 9777 41 87
1644 4156 -80 -41
1645 3594 38 84
1646 2342 -50 -59
1647 3407 20 0
1648 2914 -35 -36
1649 4812 68 7
1650 1603 -51 -56
1651 2525 93 44
1652 2582 -21 -54
1653 6941 88 62
1654 3401 -58 -66
1655 7785 95 77
1656 4168 -15 -26
1657 4388 75 93
1658 466 -53 -58
1659 1998 71 38
1660 8027 -98 -47
1661 1336 14 92
1662 6323 -23 -98
1663 4190 10 31
1664 4297 -22 -22
1665 221 78 80
1666 6579 -61 -59
1667 2659 25 25
1668 3603 -16 -98
1669 5772 91 98
1670 5420 -23 -26
1671 8031 80 44
1672 5592 -26 -52
1673 6358 20 43
1674 6168 -72 -48
1675 9443 98 26
1676 5184 -81 -27
1677 8040 23 73
1678 6760 -67 -29
1679 9944 76 95
1680 9844 -25 -67
1681 5959 19 0
1682 9595 -81 -41
1683 3162 84 89
1684 8494 -30 -33
1685 9876 33 98
1686 4622 -70 -58
1687 4531 37 41
1688 290 -73 -43
1689 7235 59 79
1690 204 -82 -2
1691 1059 59 43
1692 6471 -73 -15
1693 4423 96 68
1694 6850 -62 -42
1695 865 39 10
1696 898 -77 -18
1697 9205 55 40
1698 6728 -6 -88
1699 5243 64 69
1700 3849 -55 -36
1701 2144 38 10
1702 1227 -15 -45
1703 1023 29 69
1704 3750 -68 -66
1705 4732 40 77
1706 3777 -56 -91
1707 6600 94 47
1708 8226 -10 -43
1709 5513 8 31
1710 9680 -2 -67
1711 5464 65 23
1712 6353 0 -7
1713 1365 26 51
1714 3998 -39 -76
1715 3108 2 38
1716 6036 -29 -64
1717 9275 13 5
1718 8541 -6 -9
1719 1131 85 62
1720 8936 -73 -9
1721 1571 68 15
1722 9239 -68 -12
1723 7010 85 79
1724 4977 -54 -59
1725 5639 58 48
1726 5931 -54 -61
1727 5345 1 31
1728 2106 -9 -90
1729 1869 86 21
1730 5812 -2 -10
1731 5232 66 23
1732 3711 -80 -24
1733 9930 10 72
1734 2681 -53 -47
1735 9382 46 19
1736 2039 -70 -19
1737 8705 45 59
1738 5942 -41 -24
1739 224 0 47
1740 3475 -68 -92
1741 8430 54 42
1742 7297 -63 -62
1743 3410 42 73
1744 8579 -91 -38
1745 6505 69 42
1746 7626 -44 -65
1747 9225 76 12
1748 7975 -23 -33
1749 46 16 27
1750 6944 -35 -91
1751 3899 53 74
1752 3695 -19 -81
1753 3047 46 51
1754 7803 -92 -66
1755 3968 16 94
1756 2469 -32 -66
1757 5557 0 41
1758 9744 -76 -26
1759 2197 80 90
1760 8101 -67 -67
1761 9520 62 65
1762 3244 -96 -13
1763 7196 24 12
1764 4123 -75 -8
1765 4912 31 29
1766 8159 -44 -4
1767 8398 54 57
1768 9314 -52 -19
1769 8516 3 95
1770 1523 -75 -19
1771 5516 96 56
1772 3911 -68 -19
1773 2987 97 33
1774 321 -85 -25
1775 335 17 77
1776 3405 -7 -19
1777 7406 1 50
1778 2356 -58 -25
1779 9323 89 89
1780 5683 -49 -97
1781 1463 8 38
1782 6432 -16 -17
1783 4680 3 88
1784 7118 -20 -93
1785 7467 35 69
1786 1512 -76 -74
1787 9850 6 29
1788 8057 -15 -34
1789 7154 58 23
1790 6281 -86 -11
1791 8067 70 70
1792 9962 -10 -71
1793 1197 93 60
1794 5575 -65 -56
1795 4334 86 23
1796 7440 -44 -35
1797 5010 88 71
1798 8120 -30 -97
1799 3212 64 7
1800 4789 -22 -71
1801 4792 85 69
1802 9223 -73 -65
1803 4083 96 23
1804 7030 -46 -78
1805 2134 44 99
1806 292 -62 -50
1807 4361 18 16
1808 7988 -95 -83
1809 7025 90 86
1810 3059 -21 -83
1811 3255 92 65
1812 4140 -64 -2
1813 8647 23 58
1814 6300 -18 -43
1815 784 57 84
1816 6343 -33 -65
1817 8438 94 81
1818 430 -57 -40
1819 5758 19 74
1820 4899 -47 -40
1821 2525 29 63
1822 1977 -65 -47
1823 9060 16 18
1824 2180 -42 -42
1825 920 13 17
1826 6015 -83 -77
1827 738 93 83
1828 4704 -30 -65
1829 1750 42 50
1830 6356 -54 -80
1831 9728 31 1
1832 7503 -91 -18
1833 2182 47 75
1834 1574 -80 -22
1835 7949 41 7
1836 976 -23 -64
1837 3602 14 21
1838 4468 -46 -17
1839 2214 74 53
1840 5270 -96 -55
1841 7357 42 26
1842 7934 -9 -52
1843 4450 69 64
1844 4392 -84 -43
1845 2053 91 42
1846 6172 -6 -60
1847 8975 5 89
1848 9790 -9 -87
1849 2341 78 51
1850 6134 -56 -29
1851 7017 65 26
1852 8260 -71 -5
1853 9039 17 92
1854 4218 -96 -64
1855 7998 15 31
1856 609 -61 -42
1857 7490 44 89
1858 1031 -84 -37
1859 7269 99 53
1860 2919 -80 -71
1861 56 9 58
1862 4191 -43 -5
1863 5663 20 54
1864 5219 -8 -59
1865 662 15 52
1866 4379 -43 -18
1867 6676 40 26
1868 8786 -37 -19
1869 8002 9 59
1870 5403 -34 -83
1871 9748 83 58
1872 7350 -89 -77
1873 5975 97 39
1874 9766 -37 -79
1875 8200 40 17
1876 4075 -20 -7
1877 3012 26 16
1878 5098 -50 -51
1879 3230 20 4
1880 1118 -22 -17
1881 6661 23 97
1882 504 -69 -16
1883 4223 42 53
1884 4271 -76 -94
1885 811 48 74
1886 9897 -7 -60
1887 1280 93 85
1888 8681 -57 -70
1889 9721 72 41
1890 539 -75 -3
1891 9490 38 6
1892 7493 -1 -16
1893 7589 17 24
1894 126 -60 -9
1895 5512 25 58
1896 5823 -45 -53
1897 266 20 45
1898 1694 -35 -81
1899 1860 23 62
1900 7740 -68 -14
1901 9582 41 32
1902 6697 -75 0
1903 5783 30 58
1904 9519 -73 -39
1905 7206 19 2
1906 6477 -48 -28
1907 2672 91 45
1908 7977 -32 -43
1909 6400 71 39
1910 233 -6 -1
1911 9800 1 47
1912 661 -25 -81
1913 7698 51 46
1914 226 -72 -69
1915 4805 81 90
1916 1936 -2 -67
1917 3013 38 60
1918 6425 -75 -68
1919 5888 6 71
1920 6298 -72 -65
1921 8747 13 69
1922 6732 -84 -95
1923 3705 1 52
1924 268 -6 -1
1925 2110 58 14
1926 294 -63 -41
1927 7186 70 94
1928 9211 -14 -20
1929 7006 33 20
1930 6160 -14 -72
1931 1217 87 49
1932 9695 -57 -65
1933 8052 75 24
1934 4751 -24 -3
1935 1004 93 95
1936 2550 -77 -95
1937 4257 78 38
1938 6847 -78 -46
1939 2391 27 87
1940 7798 -96 -40
1941 5226 33 32
1942 472 -36 -62
1943 9891 5 1
1944 3439 -75 -21
1945 9173 12 0
1946 2360 -44 -88
1947 4445 6 48
1948 7128 -87 -81
1949 7426 97 10
1950 1747 -84 -65
1951 7943 8 10
1952 9522 -71 -30
1953 9017 43 44
1954 1860 -65 -75
1955 1362 43 15
1956 8879 -30 -12
1957 8142 97 33
1958 5921 -16 -50
1959 8777 16 14
1960 6336 -22 -73
1961 7421 53 67
1962 9266 -72 -4
1963 383 8 81
1964 273 -90 -95
1965 8248 27 28
1966 1441 -98 -9
1967 1909 71 58
1968 2040 -76 -16
1969 4600 37 22
1970 9988 -17 -70
1971 7402 85 61
1972 5464 -39 -64
1973 5901 17 57
1974 9360 -23 -62
1975 6391 38 61
1976 9732 -47 -66
1977 6648 40 67
1978 1410 -6 -4
1979 8068 90 12
1980 7406 -90 -30
1981 7149 16 40
1982 6843 -12 -45
1983 9773 39 87
1984 2418 -22 -16
1985 431 54 70
1986 8380 -66 -82
1987 442 14 71
1988 8583 -17 -49
1989 2333 44 64
1990 426 -82 -62
1991 765 47 94
1992 4126 -69 -92
1993 8598 86 22
1994 4803 -72 -45
1995 8790 49 9
1996 9007 -51 -71
1997 7096 1 77
1998 913 -26 -2
1999 7919 91 57
2000 1225 -2 -93
2001 7275 8 84
2002 5632 -18 -68
2003 2710 28 11
2004 9761 -51 -98
2005 4030 86 33
2006 6774 -23 -96
2007 4779 98 14
2008 1219 -38 -69
2009 9578 12 66
2010 9335 -94 -17
2011 1347 86 47
2012 480 -46 -1
2013 5965 80 42
2014 869 -90 -45
2015 2979 51 9
2016 4639 -40 -78
2017 3031 42 37
2018 6938 -40 -32
2019 7956 97 50
2020 18 -52 -53
2021 8973 49 99
2022 2313 -71 -39
2023 3838 85 4
2024 7738 -84 -71
2025 653 77 9
2026 3544 -61 -90
2027 8351 75 14
2028 4670 -85 -17
2029 3041 25 63
2030 2963 -54 -68
2031 4884 56 33
2032 533 -91 -70
2033 9917 79 41
2034 8608 -40 -37
2035 8391 80 36
2036 4505 -54 -78
2037 189 33 70
2038 1268 -7 -36
2039 6469 0 95
2040 1197 -82 -86
2041 3057 25 97
2042 8228 -31 -30
2043 458 42 67
2044 8444 -48 -14
2045 167 30 28
2046 511 -31 -93
2047 826 49 90
2048 673 -93 -37
2049 4382 21 75
2050 8180 -17 -27
2051 1800 84 7
2052 615 -53 -62
2053 6851 75 11
2054 1400 -33 -9
2055 4223 20 66
2056 2668 0 -39
2057 4090 16 69
2058 9055 -95 -64
2059 7429 6 89
2060 2337 -22 -52
2061 2847 14 61
2062 713 -11 -26
2063 2080 94 60
2064 4233 -23 -70
2065 6323 7 64
2066 8737 -91 -98
2067 6013 19 26
2068 5829 -37 -82
2069 7974 56 29
2070 7799 -25 -51
2071 362 90 89
2072 9707 -53 -70
2073 6168 62 13
2074 9263 -87 -54
2075 8019 43 12
2076 1150 -79 -99
2077 8506 73 24
2078 8248 -61 -86
2079 6906 53 74
2080 807 -63 -63
2081 1195 73 74
2082 4739 -56 -30
2083 5968 40 73
2084 429 -15 -33
2085 2088 77 29
2086 8039 -32 -69
2087 3340 12 45
2088 9094 -43 -22
2089 4252 5 38
2090 6843 -35 -66
2091 3831 42 2
2092 2347 -66 -80
2093 9452 88 78
2094 3576 -31 -22
2095 7587 91 11
2096 8344 -35 -92
2097 4041 25 22
2098 2430 -14 -27
2099 4060 74 52
2100 1488 -45 -44
2101 2484 72 50
2102 6592 -4 -6
2103 2599 60 67
2104 3906 -96 -29
2105 1106 85 79
2106 4207 -40 -2
2107 2338 79 95
2108 164 -93 -77
2109 972 31 95
2110 2823 -45 -6
2111 9212 82 70
2112 5670 -16 -34
2113 655 2 58
2114 9003 -19 -6
2115 423 34 36
2116 611 -89 -38
2117 4800 14 7
2118 5577 -24 -17
2119 6741 18 13
2120 9673 -71 -85
2121 3048 36 68
2122 8143 -65 -53
2123 1020 91 60
2124 3809 -69 -9
2125 1177 46 78
2126 5679 -34 -27
2127 5039 2 98
2128 7390 -13 -72
2129 1714 87 6
2130 8926 -93 -81
2131 8574 36 91
2132 4365 -29 -5
2133 7358 41 88
2134 7159 -97 -8
2135 8255 2 22
2136 2041 -10 -33
2137 7158 1 60
2138 3173 -4 -8
2139 8014 76 74
2140 7563 -86 -3
2141 1582 39 53
2142 849 -32 -7
2143 6924 15 32
2144 6867 -23 -3
2145 1664 30 9
2146 9073 -69 -31
2147 9236 5 80
2148 408 -5 -23
2149 2223 39 59
2150 7657 -1 -72
2151 5642 54 50
2152 8999 -38 -53
2153 6055 3 21
2154 1506 -83 -55
2155 6182 9 19
2156 1978 -43 -40
2157 6598 20 86
2158 6233 -57 -55
2159 7803 49 79
2160 3539 -2 -23
2161 6549 8 32
2162 7753 -83 -38
2163 5646 67 50
2164 8449 -42 -16
2165 3110 61 27
2166 6136 -17 -91
2167 7100 34 80
2168 26 -69 -73
2169 5872 37 77
2170 2235 -97 -57
2171 1705 52 11
2172 2746 -98 -39
2173 4412 95 92
2174 5861 -25 -40
2175 7427 26 17
2176 1895 -29 -73
2177 5954 55 10
2178 1291 -53 -70
2179 720 78 83
2180 7731 -96 -27
2181 1067 92 37
2182 1651 -72 -44
2183 440 4 7
2184 3542 -74 -51
2185 7952 34 94
2186 5834 -7 -3
2187 5788 98 0
2188 2650 -68 -68
2189 4905 83 46
2190 8542 -28 -50
2191 5086 48 82
2192 6533 -2 -74
2193 4654 93 85
2194 3852 -35 -95
2195 5220 29 24
2196 321 -70 -47
2197 8046 51 48
2198 7557 -49 -44
2199 7694 22 86
2200 8199 -67 -42
2201 318 64 5
2202 86 -27 -49
2203 3200 1 43
2204 3238 -37 -13
2205 7806 51 38
2206 4372 -6 -77
2207 855 90 40
2208 4727 -65 -23
2209 1258 20 34
2210 7506 -73 -96
2211 4992 9 13
2212 311 -51 -60
2213 8662 34 97
2214 9251 -25 -98
2215 3052 30 79
2216 9585 -68 -24
2217 8412 4 71
2218 2403 -36 -2
2219 709 69 4
2220 4882 -58 -71
2221 8310 12 12
2222 9235 -84 -43
2223 8484 45 12
2224 569 -99 -80
2225 1268 43 16
2226 7425 -46 -53
2227 3520 95 79
2228 3872 -45 -11
2229 7460 40 48
2230 8676 -92 -44
2231 706 0 17
2232 1722 -86 -76
2233 8486 85 86
2234 4013 -64 -46
2235 8782 43 10
2236 5048 0 -5
2237 5534 23 82
2238 6478 -77 -72
2239 951 73 65
2240 5543 -5 -35
2241 4754 77 0
2242 1627 -62 -50
2243 4 31 59
2244 5650 -19 -72
2245 2914 97 7
2246 9800 -24 -35
2247 919 5 20
2248 5238 -80 -36
2249 5406 63 23
2250 6826 -71 -53
2251 2964 52 12
2252 2698 -52 -98
2253 5504 27 42
2254 836 -8 -31
2255 3411 82 23
2256 7479 -24 -33
2257 6299 16 91
2258 3565 -98 -97
2259 2896 8 21
2260 7153 -79 -51
2261 6174 86 52
2262 1042 -68 -78
2263 7433 43 66
2264 1564 -21 -1
2265 9626 96 44
2266 6878 -42 -58
2267 9993 7 22
2268 5784 -85 -97
2269 5059 87 82
2270 7473 -42 -11
2271 6938 26 80
2272 6619 -77 -23
2273 3249 71 34
2274 3460 -99 -59
2275 5476 93 33
2276 587 -41 -93
2277 7973 19 78
2278 1522 -42 -88
2279 3537 71 15
2280 6857 -37 -44
2281 874 47 2
2282 1374 -51 -69
2283 7690 15 99
2284 1011 -18 -92
2285 7417 3 30
2286 3617 -23 -26
2287 9509 83 47
2288 845 -95 -16
2289 4780 10 13
2290 6298 -7 -45
2291 3652 69 72
2292 4933 -7 -38
2293 1355 23 69
2294 3510 -13 -63
2295 9575 29 7
2296 6557 0 -48
2297 923 9 10
2298 3616 -47 -76
2299 309 40 2
2300 8733 -56 -18
2301 9413 48 36
2302 4261 -1 -24
2303 3089 93 48
2304 4989 -54 -12
2305 9293 38 49
2306 1061 -5 -84
2307 780 33 28
2308 9110 -83 -89
2309 5752 89 23
2310 9016 -53 -12
2311 4082 1 32
2312 3383 -4 -83
2313 6710 90 96
2314 6132 -62 -99
2315 9217 77 71
2316 4608 -56 -23
2317 1482 14 43
2318 3672 -93 -18
2319 7060 73 47
2320 2243 -82 -49
2321 2443 30 40
2322 8976 -74 -33
2323 2060 93 20
2324 5401 -53 -92
2325 3706 32 85
2326 4007 -10 -64
2327 528 42 12
2328 9979 -26 -66
2329 4571 78 28
2330 7438 -82 -22
2331 4555 5 97
2332 4372 -86 -45
2333 5824 68 75
2334 4785 -56 -39
2335 8318 79 75
2336 1412 -53 -28
2337 6036 8 26
2338 5777 -99 -10
2339 4908 82 4
2340 2697 -94 -55
2341 1437 66 92
2342 9628 -7 -30
2343 7722 15 99
2344 282 -51 -42
2345 1606 53 51
2346 67 -39 -17
2347 8735 79 30
2348 6608 -62 -72
2349 7439 53 85
2350 9265 -60 -54
2351 7075 77 22
2352 7086 -62 -42
2353 9890 69 86
2354 3427 -37 -31
2355 3047 73 58
2356 5222 -3 -50
2357 6843 42 42
2358 4519 -13 -25
2359 5675 3 37
2360 7748 -54 -16
2361 7615 58 93
2362 62 -51 -84
2363 5306 9 38
2364 7594 -38 -3
2365 9993 11 7
2366 7533 -27 -42
2367 4611 38 59
2368 1056 -49 -46
2369 5965 43 8
2370 2550 -23 -10
2371 2877 47 78
2372 1532 -39 -70
2373 3371 61 51
2374 7007 -4 -23
2375 921 33 41
2376 3463 -71 -49
2377 8367 55 63
2378 2955 -65 -68
2379 8417 8 96
2380 5462 -10 -81
2381 6600 56 26
2382 6634 -38 -79
2383 6235 2 46
2384 1786 -94 -38
2385 8559 10 5
2386 3284 -53 -58
2387 8401 3 42
2388 1079 -36 -67
2389 270 67 78
2390 2492 -65 -98
2391 4586 83 8
2392 1652 -3 -18
2393 3912 95 2
2394 7639 -22 -15
2395 1394 63 30
2396 5393 -33 -61
2397 8788 53 83
2398 1748 -74 -13
2399 1965 55 7
2400 7566 -82 -9
2401 6094 6 23
2402 8166 -56 -43
2403 9899 97 73
2404 7137 -46 -45
2405 4296 87 69
2406 3811 -27 -9
2407 5273 8 15
2408 2655 -24 -47
2409 52 65 63
2410 4655 -42 -56
2411 2943 15 11
2412 7225 -53 -50
2413 9318 52 90
2414 7 -90 -87
2415 1379 89 47
2416 7169 -12 -13
2417 1489 69 89
2418 6006 -26 -60
2419 6324 16 29
2420 8209 -90 -13
2421 8805 76 78
2422 2120 -74 -52
2423 9207 36 29
2424 2726 -98 -37
2425 9779 56 61
2426 547 -44 -99
2427 7166 12 12
2428 3259 -29 -13
2429 3495 7 60
2430 1925 -84 -95
2431 7908 76 68
2432 711 -51 -76
2433 6124 19 95
2434 7449 -48 -45
2435 6559 25 99
2436 7154 -72 -15
2437 11 14 50
2438 7743 -24 -2
2439 8448 58 67
2440 7634 -64 -93
2441 6427 19 73
2442 5455 -27 -83
2443 4094 38 82
2444 2457 -27 -53
2445 9654 93 12
2446 8830 -72 -80
2447 2079 5 49
2448 9979 -35 -62
2449 200 57 54
2450 1234 -60 -39
2451 7309 5 0
2452 6669 -28 -5
2453 696 21 40
2454 7341 -22 -58
2455 7069 89 93
2456 9332 -13 -71
2457 4260 3 13
2458 3247 -41 -82
2459 3691 31 41
2460 6791 -1 -73
2461 6390 17 97
2462 1424 -12 -5
2463 2421 90 59
2464 4692 -76 -3
2465 396 44 90
2466 7712 -11 -72
2467 8291 14 85
2468 862 -77 -14
2469 1463 12 97
2470 8209 -28 -58
2471 760 1 30
2472 8755 -24 -17
2473 6830 37 28
2474 1367 -24 -37
2475 6320 69 29
2476 7007 -92 -13
2477 3259 43 29
2478 2092 -67 -42
2479 7551 59 50
2480 2752 -36 -13
2481 3548 95 87
2482 6859 -29 -3
2483 7311 33 23
2484 4535 -80 -30
2485 6398 64 57
2486 2746 -74 -42
2487 3938 29 44
2488 3194 -37 -14
2489 3477 87 51
2490 4811 -97 -56
2491 5362 4 13
2492 6007 -91 -19
2493 624 16 13
2494 6735 -56 -45
2495 2911 92 56
2496 6232 -74 -55
2497 5139 71 96
2498 6096 -59 -5
2499 1168 59 5
2500 2718 -90 -94
2501 6144 29 39
2502 3938 -93 -42
2503 8385 17 25
2504 4135 -48 0
2505 2422 71 60
2506 4421 -45 -11
2507 6491 23 20
2508 2830 -85 -23
2509 1160 78 3
2510 9095 -96 -23
2511 6662 66 10
2512 3794 -29 -60
2513 481 45 26
2514 7887 -72 -25
2515 8995 65 29
2516 7256 -67 -88
2517 8382 7 15
2518 5729 -23 -26
2519 3333 86 69
2520 3475 -52 -39
2521 3054 48 0
2522 4847 -79 -68
2523 5116 79 31
2524 7616 -80 -64
2525 269 31 45
2526 5232 -68 -21
2527 6558 51 39
2528 2542 -33 -36
2529 7158 51 89
2530 1091 -91 -40
2531 2712 63 37
2532 9435 -46 -1
2533 1740 54 13
2534 5710 -11 -97
2535 3059 63 78
2536 93 -91 -26
2537 210 27 64
2538 1968 -21 -4
2539 7439 40 64
2540 1807 -35 -10
2541 7255 18 81
2542 4995 -43 -73
2543 4455 31 5
2544 5257 -77 -18
2545 2975 71 27
2546 9359 -9 -36
2547 1937 57 42
2548 2817 -52 -86
2549 5688 18 50
2550 8369 -63 -50
2551 2590 13 89
2552 1751 -17 -13
2553 8768 30 46
2554 5433 -81 -27
2555 596 73 47
2556 7566 -52 -13
2557 7103 65 52
2558 7251 -15 -13
2559 229 37 28
2560 3791 -25 -19
2561 7449 25 44
2562 6642 -21 -63
2563 2289 16 96
2564 6178 -10 -10
2565 6402 47 53
2566 7997 -88 -69
2567 2580 14 83
2568 6118 -75 -14
2569 8599 0 8
2570 5994 -32 -38
2571 1555 28 98
2572 5355 -13 -14
2573 3473 75 74
2574 7434 -28 -34
2575 4399 39 18
2576 4491 -51 -72
2577 98 30 69
2578 5069 -59 -62
2579 1038 38 10
2580 107 -97 -52
2581 5539 66 95
2582 7088 -67 -10
2583 7761 20 94
2584 6269 -63 -49
2585 9259 44 54
2586 2834 -87 -68
2587 2490 13 85
2588 467 -15 -87
2589 1172 43 20
2590 8205 -99 -45
2591 8005 23 84
2592 8295 -9 -93
2593 9840 15 26
2594 3920 -57 -23
2595 6967 70 88
2596 3199 -36 -69
2597 7589 38 6
2598 77 -48 -17
2599 9116 81 99
2600 1646 -19 -64
2601 9443 17 61
2602 7943 -65 -46
2603 457 16 18
2604 983 -88 -23
2605 1567 24 39
2606 847 -3 -99
2607 2739 10 6
2608 1864 -34 -29
2609 1459 49 6
2610 7262 -74 -80
2611 2352 46 75
2612 5289 -65 -59
2613 7591 0 79
2614 623 -7 -33
2615 2238 24 67
2616 4476 -85 -58
2617 9079 46 35
2618 7403 -49 -8
2619 244 40 24
2620 4367 -84 -14
2621 2180 18 22
2622 1566 -13 -37
2623 3607 74 94
2624 6354 -8 -18
2625 362 60 76
2626 6900 -59 -82
2627 1712 28 63
2628 7079 -84 -52
2629 1699 84 90
2630 955 -98 -40
2631 7751 11 21
2632 3300 -9 -72
2633 9346 96 22
2634 7956 -78 -37
2635 1618 58 59
2636 8671 -23 0
2637 1851 97 26
2638 3697 -10 -91
2639 9317 28 39
2640 6089 -35 -62
2641 2037 10 73
2642 150 -40 -83
2643 2960 50 80
2644 4935 -5 -24
2645 8606 26 12
2646 1600 -78 -9
2647 2239 65 35
2648 4687 -50 -90
2649 5211 66 63
2650 4618 -74 -95
2651 3466 1 43
2652 1848 -8 -92
2653 8725 37 54
2654 9030 -39 -19
2655 1481 53 66
2656 4694 -51 -77
2657 7564 28 62
2658 5328 -38 -77
2659 4264 43 97
2660 3852 -97 -48
2661 1636 79 49
2662 7612 -6 -7
2663 3639 83 94
2664 5556 -39 -24
2665 3666 28 56
2666 3811 -39 -12
2667 5695 26 61
2668 6456 -55 -61
2669 1891 66 13
2670 3035 -79 -36
2671 3897 90 36
2672 9757 -89 -92
2673 4666 47 72
2674 8402 -54 -47
2675 2545 49 44
2676 8265 -27 -37
2677 771 58 85
2678 1003 -93 -31
2679 6441 76 59
2680 8941 -86 -52
2681 4122 91 2
2682 5740 -85 -13
2683 7076 59 39
2684 6687 -3 -68
2685 1446 23 36
2686 9959 -32 -5
2687 1124 34 26
2688 6405 -97 -80
2689 2322 70 90
2690 3062 -32 -72
2691 4433 77 47
2692 1379 -13 -10
2693 9847 71 41
2694 9077 -81 -85
2695 5046 84 39
2696 8764 -7 -81
2697 4016 59 40
2698 9106 -31 -56
2699 2068 70 80
2700 7065 -70 0
2701 7157 8 65
2702 673 -94 -65
2703 3561 3 77
2704 3986 -99 -41
2705 7408 28 83
2706 3502 -60 -42
2707 2420 57 62
2708 4246 -36 -31
2709 4312 51 34
2710 9581 0 -90
2711 1458 86 23
2712 7017 -49 -39
2713 1786 23 74
2714 8306 -78 -11
2715 8387 32 24
2716 8055 -59 -97
2717 5173 47 41
2718 9674 -93 -88
2719 8027 11 83
2720 8194 -51 -39
2721 4601 1 44
2722 3621 -99 -84
2723 9482 16 69
2724 13 0 -98
2725 7387 15 92
2726 2102 -66 -86
2727 9544 6 78
2728 3657 -25 0
2729 1648 29 43
2730 933 -14 -85
2731 6482 50 85
2732 6823 -7 -64
2733 7150 30 53
2734 8690 -61 -46
2735 2543 92 73
2736 153 -49 -81
2737 7674 63 26
2738 5381 -98 -32
2739 2662 84 87
2740 5440 -17 -90
2741 7863 2 2
2742 4830 -44 -53
2743 9981 87 0
2744 9042 -24 -34
2745 2533 22 50
2746 6883 -17 -85
2747 2613 73 51
2748 4128 -14 -20
2749 6743 84 21
2750 6462 -2 -69
2751 6099 13 42
2752 7883 -53 -69
2753 7232 83 60
2754 8083 -4 -18
2755 2512 23 63
2756 9509 -25 -89
2757 631 2 51
2758 7670 -41 -40
2759 4191 40 10
2760 1269 -32 -58
2761 5010 4 78
2762 333 -75 -14
2763 361 3 23
2764 3925 -4 -84
2765 6195 66 8
2766 9759 -22 -56
2767 4130 7 76
2768 9260 -47 -30
2769 8606 96 47
2770 3353 -58 -72
2771 7997 77 57
2772 168 -69 -23
2773 4911 69 34
2774 4758 -67 -13
2775 6806 37 85
2776 9375 -60 -94
2777 1024 81 51
2778 4600 -14 -58
2779 8798 71 43
2780 9889 -35 -25
2781 8224 44 69
2782 1349 -3 -56
2783 7050 58 87
2784 621 -48 -65
2785 2994 59 2
2786 7544 -50 -86
2787 3846 79 67
2788 587 -97 -87
2789 8136 2 24
2790 7694 -96 -67
2791 6232 81 87
2792 424 -90 -71
2793 8831 84 35
2794 1858 -26 -34
2795 6142 80 13
2796 993 -16 -89
2797 7107 62 96
2798 9244 -86 -79
2799 4334 90 65
2800 6854 -58 -62
2801 9798 25 26
2802 8808 -51 -4
2803 5694 56 86
2804 1238 -27 -94
2805 2087 84 37
2806 8055 -31 -89
2807 5726 91 89
2808 8969 -50 -28
2809 4521 54 97
2810 1782 -31 -18
2811 952 57 50
2812 5982 -94 -25
2813 286 33 73
2814 720 -13 -8
2815 4509 23 31
2816 1390 -75 -35
2817 6052 52 54
2818 8866 -50 -88
2819 7155 30 51
2820 4029 -85 -52
2821 5998 0 66
2822 9740 -97 -24
2823 1172 28 6
2824 6420 -75 -12
2825 8595 23 1
2826 8441 -85 -39
2827 1040 90 4
2828 8253 -69 -75
2829 9070 63 79
2830 2912 -17 -20
2831 1282 86 9
2832 5234 -28 -86
2833 7581 51 88
2834 8232 -56 -53
2835 167 92 2
2836 763 -43 -3
2837 6103 34 93
2838 4149 -98 -26
2839 272 92 47
2840 2891 -21 -73
2841 3751 86 70
2842 6369 -87 -33
2843 152 64 94
2844 7503 -13 -30
2845 6720 92 79
2846 9375 -69 -1
2847 15 38 72
2848 6252 -21 -10
2849 8248 29 16
2850 6752 -50 -57
2851 1416 63 28
2852 5916 0 -84
2853 624 48 63
2854 5857 -72 -67
2855 2358 86 56
2856 5709 -7 -53
2857 8692 12 79
2858 4266 -37 -54
2859 9721 72 81
2860 4923 -91 -55
2861 9074 79 9
2862 336 -42 -33
2863 5602 1 88
2864 153 -37 -42
2865 3716 30 37
2866 1752 -63 -57
2867 5281 83 38
2868 1609 -92 -95
2869 2580 78 34
2870 674 -39 -63
2871 2030 65 85
2872 2208 -72 -45
2873 6718 58 84
2874 2488 -20 -22
2875 7102 51 82
2876 7204 -97 -43
2877 7981 44 19
2878 4346 -14 -33
2879 2866 94 81
2880 6266 -93 -46
2881 8279 32 44
2882 7781 -32 -17
2883 7480 77 7
2884 4477 -2 -95
2885 3372 5 77
2886 8916 -64 -21
2887 5559 81 16
2888 6037 -31 -46
2889 8039 32 42
2890 1492 -67 -24
2891 4441 57 77
2892 230 -41 -28
2893 8190 54 80
2894 5128 -12 -75
2895 2168 8 49
2896 4545 -97 -58
2897 2595 4 8
2898 2519 -86 -59
2899 9399 53 6
2900 2455 -95 -9
2901 2666 60 21
2902 1709 -46 -89
2903 2936 91 5
2904 7649 -54 -21
2905 9413 95 81
2906 5348 -25 -52
2907 6810 64 30
2908 5838 -75 -24
2909 8418 68 60
2910 660 -8 -81
2911 2364 68 10
2912 7226 -70 -67
2913 8007 75 45
2914 7602 -29 -51
2915 4500 72 48
2916 4669 -75 -51
2917 8764 6 68
2918 4073 -47 -2
2919 6467 37 57
2920 6624 -95 -56
2921 7938 1 13
2922 5121 -91 -17
2923 4399 48 86
2924 4479 -20 -10
2925 4430 84 89
2926 7253 -22 -71
2927 9447 42 68
2928 4356 -73 -29
2929 4124 2 6
2930 6670 -69 -63
2931 7443 8 87
2932 3260 -15 -67
2933 6142 96 90
2934 7518 -81 -13
2935 9451 56 10
2936 1801 -64 -75
2937 8705 12 10
2938 1289 -99 -12
2939 4250 94 16
2940 3098 -51 -23
2941 7746 19 20
2942 4689 -47 -21
2943 9982 75 6
2944 452 -62 -82
2945 891 37 1
2946 6732 -11 -24
2947 5209 4 64
2948 1323 -18 -35
2949 7658 18 57
2950 6315 -21 -42
2951 9340 62 38
2952 2694 -12 -19
2953 3126 13 16
2954 8039 -27 -38
2955 6962 61 66
2956 427 -94 -53
2957 2424 44 15
2958 6794 -33 0
2959 4803 94 17
2960 4540 -53 -7
2961 1127 40 11
2962 5144 -64 -44
2963 4263 24 10
2964 9384 -31 -32
2965 6888 42 59
2966 6137 -12 -20
2967 5087 80 50
2968 2580 -77 -11
2969 4126 12 81
2970 627 -85 -2
2971 3515 20 30
2972 8681 -72 -67
2973 9446 89 71
2974 5874 -79 -36
2975 2414 55 93
2976 5657 -36 -33
2977 739 58 2
2978 4417 -42 -14
2979 2813 91 75
2980 3098 -11 -39
2981 9593 44 21
2982 3013 -94 -44
2983 6233 19 20
2984 7424 -98 -55
2985 6280 40 39
2986 5014 -95 -35
2987 9308 30 84
2988 969 -43 -5
2989 4295 31 44
2990 4087 -7 -16
2991 1649 3 22
2992 1093 -41 -61
2993 1632 73 13
2994 8280 -48 -8
2995 8406 2 33
2996 608 -13 -27
2997 239 11 93
2998 7203 -3 -82
2999 6466 21 33
3000 1414 -5 -16
3001 7584 22 19
3002 5008 -99 -11
3003 8813 31 17
3004 4011 -50 -87
3005 8074 5 60
3006 8864 -48 -60
3007 7046 38 64
3008 5383 -6 -2
3009 7167 8 33
3010 5362 -58 -75
3011 7183 21 91
3012 2885 -80 -69
3013 6216 24 43
3014 2508 -22 -69
3015 4814 32 78
3016 8997 -61 -76
3017 4643 29 68
3018 1591 -17 -29
3019 5203 31 34
3020 2542 -57 -19
3021 675 74 27
3022 6892 -65 -24
3023 666 84 73
3024 8688 -21 -49
3025 9826 36 42
3026 279 -66 -77
3027 7864 8 19
3028 8948 -78 -28
3029 8131 34 23
3030 6912 -83 -14
3031 1511 89 53
3032 648 -38 -35
3033 325 79 31
3034 8257 -88 -99
3035 2121 47 15
3036 5484 -15 -94
3037 2589 50 2
3038 7781 -3 -76
3039 7193 36 68
3040 3687 -36 -87
3041 2437 52 4
3042 1046 -2 -87
3043 802 88 66
3044 5684 -97 -20
3045 475 10 54
3046 1809 -71 -29
3047 4780 81 36
3048 2575 -5 -17
3049 5530 70 10
3050 3910 -33 -64
3051 8785 53 42
3052 4034 -57 -8
3053 4426 86 98
3054 7421 -17 -68
3055 6074 49 23
3056 2866 -23 -96
3057 7309 50 93
3058 1113 -19 -95
3059 9514 49 41
3060 2524 -6 -13
3061 815 48 55
3062 3064 -22 -34
3063 6655 66 7
3064 1876 -40 -74
3065 8246 79 26
3066 5032 -26 -44
3067 8274 66 23
3068 9821 -17 -99
3069 4255 87 80
3070 6449 -1 -65
3071 6397 87 14
3072 8543 -17 -18
3073 6280 93 34
3074 1159 -27 -60
3075 441 45 44
3076 3109 -31 -50
3077 6260 72 30
3078 3352 -32 -4
3079 6715 74 97
3080 9107 -70 -88
3081 5063 67 55
3082 6526 -76 -5
3083 4751 46 4
3084 5566 -8 -67
3085 5835 64 54
3086 4344 -9 -34
3087 2898 74 90
3088 6998 0 -50
3089 4452 7 22
3090 1781 -35 -61
3091 8161 61 18
3092 437 -73 -85
3093 2902 40 74
3094 6335 -32 -14
3095 4180 89 18
3096 5961 -94 -68
3097 1164 40 64
3098 9395 -82 -65
3099 8295 80 1
3100 8344 -53 -41
3101 7381 87 89
3102 4037 -69 -16
3103 5447 70 90
3104 7961 -71 -95
3105 9573 61 35
3106 7465 -38 -69
3107 3113 53 81
3108 5354 -78 -53
3109 6652 98 4
3110 504 -81 -22
3111 3949 12 42
3112 3951 -95 -28
3113 8900 34 43
3114 5854 -65 -56
3115 7767 40 20
3116 133 -38 -30
3117 1074 29 32
3118 6197 -18 -9
3119 35 23 63
3120 9535 -65 -82
3121 8423 32 24
3122 1669 -74 -53
3123 7106 89 23
3124 1259 -22 -43
3125 2783 61 51
3126 2647 -29 -41
3127 6807 35 18
3128 7181 -81 -59
3129 8505 21 9
3130 3862 -41 -17
3131 8238 9 84
3132 3484 -68 -58
3133 3137 93 17
3134 6845 -13 -62
3135 8994 47 83
3136 463 -52 -91
3137 8100 50 10
3138 6843 -83 -47
3139 8870 7 17
3140 6685 -21 -28
3141 7853 98 0
3142 8551 -4 -4
3143 2232 54 92
3144 5038 -88 -9
3145 6167 75 70
3146 744 -22 -5
3147 7541 99 88
3148 6986 -58 -28
3149 9792 41 77
3150 2585 -94 -45
3151 7791 53 32
3152 399 -5 -89
3153 3148 32 0
3154 9225 -59 -35
3155 3579 40 23
3156 8161 -34 -83
3157 8901 39 77
3158 5221 -33 -18
3159 3728 24 96
3160 1965 -38 -90
3161 1666 68 16
3162 9222 -22 -3
3163 3457 17 14
3164 6070 -94 -29
3165 7787 47 58
3166 8354 -42 -8
3167 7179 45 37
3168 9263 -48 -71
3169 1472 30 80
3170 4593 -73 -90
3171 1014 97 40
3172 5597 -4 -9
3173 9307 91 8
3174 4633 -22 -83
3175 6974 39 58
3176 4499 -16 -24
3177 1193 5 12
3178 5303 -74 -26
3179 3718 38 65
3180 5495 -56 -90
3181 299 1 66
3182 6401 -77 -36
3183 2391 81 87
3184 4303 -61 -70
3185 5033 40 14
3186 5808 -19 -46
3187 642 25 75
3188 5573 -54 -98
3189 394 52 97
3190 966 -94 -10
3191 1782 6 41
3192 7779 -24 -51
3193 5186 51 70
3194 212 -97 -82
3195 7803 96 68
3196 1250 -80 -26
3197 8793 40 66
3198 6246 -16 -94
3199 192 35 89
3200 6354 -53 -63
3201 1638 47 36
3202 5144 -42 -26
3203 2773 53 8
3204 4094 -99 -98
3205 6186 38 8
3206 997 -19 -42
3207 9989 72 37
3208 6463 -48 -84
3209 2740 10 90
3210 558 -96 -91
3211 1012 68 40
3212 6852 -19 -98
3213 5669 47 99
3214 4741 -56 -20
3215 4513 93 0
3216 6838 -29 -30
3217 8166 40 17
3218 1774 -35 -66
3219 1512 51 13
3220 1961 -71 -68
3221 192 39 59
3222 4924 -72 -9
3223 4067 37 40
3224 1270 -38 -20
3225 5901 89 77
3226 8808 -26 -86
3227 9373 34 12
3228 6381 -57 -62
3229 6223 88 53
3230 1601 -55 -43
3231 2702 20 87
3232 585 -27 -89
3233 453 82 39
3234 5583 -70 -13
3235 2518 65 21
3236 2780 -64 -19
3237 4931 9 92
3238 6133 -46 -45
3239 8501 19 28
3240 4196 -65 -76
3241 4978 13 72
3242 8142 -9 -84
3243 5732 74 83
3244 1781 -3 -64
3245 5827 88 76
3246 6383 -9 -17
3247 9870 45 80
3248 5916 -52 -71
3249 9257 62 62
3250 1056 -53 -39
3251 8708 86 95
3252 1895 -87 -71
3253 1934 5 90
3254 3726 -14 -96
3255 2831 28 77
3256 3194 -61 -42
3257 3806 97 57
3258 9878 -67 -3
3259 4509 14 75
3260 8982 -84 -88
3261 9985 63 49
3262 6032 -21 -17
3263 9196 97 90
3264 2534 -89 -17
3265 4646 24 96
3266 9640 -45 -61
3267 8088 37 56
3268 8226 -14 -79
3269 9560 62 6
3270 4246 -17 -74
3271 8257 86 88
3272 7566 -97 -63
3273 3252 77 38
3274 1223 -86 -26
3275 8004 49 30
3276 5503 -98 -92
3277 5112 44 45
3278 3236 -91 -82
3279 9548 65 66
3280 3426 -46 -75
3281 6239 44 68
3282 714 -39 -30
3283 852 69 21
3284 8606 -70 -88
3285 2408 11 35
3286 4524 -94 -2
3287 1707 34 54
3288 9976 -27 -11
3289 1740 59 99
3290 6436 -80 -32
3291 939 10 24
3292 5053 -94 -99
3293 2573 18 18
3294 7959 -27 -82
3295 9727 58 95
3296 7303 -15 -86
3297 2808 25 22
3298 5295 -27 -10
3299 4081 55 15
3300 2162 -71 -82
3301 7308 42 16
3302 7296 -9 -20
3303 4881 15 88
3304 1636 -78 -56
3305 5589 31 98
3306 8833 -90 -22
3307 4166 21 41
3308 6280 -26 -15
3309 6573 49 5
3310 9415 -28 -48
3311 5975 60 89
3312 1102 0 -94
3313 9153 76 34
3314 2551 -32 -99
3315 4094 40 44
3316 4716 -91 -52
3317 2905 33 80
3318 2337 -52 -42
3319 8462 3 20
3320 1730 -51 -51
3321 1019 3 77
3322 8370 -87 -10
3323 8328 29 33
3324 5390 -74 -85
3325 9820 65 38
3326 7705 -86 -67
3327 5397 33 98
3328 2016 -86 -80
3329 4963 64 18
3330 1247 -84 -14
3331 8321 42 56
3332 4743 -25 -31
3333 6661 40 54
3334 6152 -15 -78
3335 263 78 32
3336 3709 -16 -7
3337 7453 92 21
3338 7799 -91 -32
3339 5749 91 46
3340 9536 -37 -1
3341 1297 41 40
3342 2914 -24 -24
3343 1865 73 13
3344 2507 -44 -31
3345 432 37 53
3346 9509 -85 -92
3347 1904 36 74
3348 4947 -41 -38
3349 8132 21 75
3350 3182 -79 -28
3351 9928 94 37
3352 9999 -73 -43
3353 4159 34 28
3354 9017 -63 -94
3355 1291 45 60
3356 5235 -48 -21
3357 4673 44 41
3358 4014 -42 -65
3359 9372 35 27
3360 9004 -20 -67
3361 9139 56 50
3362 9996 -9 -88
3363 7233 80 75
3364 2729 -13 -80
3365 1759 90 18
3366 9139 -21 -75
3367 9571 76 97
3368 8489 -88 -67
3369 2659 17 45
3370 2350 -55 -23
3371 5084 64 10
3372 3328 -4 -53
3373 8256 5 93
3374 7041 -73 -10
3375 2119 0 58
3376 4879 -2 -77
3377 3684 78 39
3378 9104 -64 -43
3379 8192 48 46
3380 2556 -49 -37
3381 2151 78 68
3382 2051 -25 -23
3383 2023 20 48
3384 1870 -11 -53
3385 2646 97 40
3386 6728 -19 -61
3387 7806 87 8
3388 5965 -55 -99
3389 5492 64 19
3390 909 -31 -84
3391 9475 85 27
3392 2052 -60 -56
3393 4817 32 44
3394 6695 -69 -7
3395 360 82 82
3396 3437 -46 -64
3397 8884 90 57
3398 5972 -7 -20
3399 5524 0 11
3400 4312 -8 -10
3401 2748 8 1
3402 4873 -2 -37
3403 3515 77 52
3404 3316 -33 -24
3405 4952 78 64
3406 3968 -2 -56
3407 4323 10 32
3408 6024 -10 -84
3409 4062 39 85
3410 1553 -85 -13
3411 5081 2 9
3412 8089 -96 -11
3413 8137 99 7
3414 4388 -96 -78
3415 1509 76 66
3416 279 -60 -91
3417 2743 88 89
3418 6622 -67 -89
3419 136 84 39
3420 3793 -99 -20
3421 8694 43 11
3422 1866 -70 -96
3423 8605 70 45
3424 7912 -99 -41
3425 9356 23 35
3426 1424 -98 -43
3427 5903 23 77
3428 4479 -57 -9
3429 8502 10 93
3430 7392 -36 -50
3431 4225 44 88
3432 2783 -68 -67
3433 1588 99 61
3434 628 -64 -41
3435 7509 46 80
3436 3235 -69 -72
3437 3621 80 50
3438 6843 -9 -31
3439 9306 89 65
3440 5922 -60 -41
3441 7074 4 37
3442 1885 -76 -62
3443 6710 48 67
3444 7954 -27 -47
3445 3451 43 23
3446 1797 -63 -41
3447 1182 21 60
3448 1355 -55 -45
3449 5452 99 37
3450 7764 -74 -81
3451 4479 4 97
3452 7217 -52 -95
3453 3052 21 1
3454 4113 -67 -47
3455 3908 18 65
3456 7510 -98 -89
3457 8185 79 42
3458 9813 -62 -9
3459 3468 88 85
3460 8268 -71 -74
3461 9130 75 17
3462 3236 -92 -57
3463 3160 6 15
3464 8122 -94 -29
3465 2734 10 28
3466 5273 -39 -46
3467 7501 35 59
3468 3661 -94 -4
3469 946 42 41
3470 5708 -17 -21
3471 9126 18 26
3472 3842 -53 -83
3473 8556 1 6
3474 4381 -21 -56
3475 6692 34 11
3476 4081 -31 -21
3477 8305 48 40
3478 4007 -94 -83
3479 307 81 6
3480 6261 -92 -52
3481 1948 56 40
3482 1131 -9 -32
3483 4978 3 81
3484 2102 -27 -60
3485 8945 49 11
3486 9105 -41 -66
3487 9375 54 17
3488 3290 -22 -14
3489 876 39 97
3490 5287 -94 -40
3491 8101 81 1
3492 5294 -55 -26
3493 4716 53 92
3494 1917 -63 0
3495 6767 37 19
3496 7902 -92 -71
3497 5563 84 30
3498 1340 -80 -14
3499 6453 66 44
3500 7191 -17 -22
3501 4378 88 27
3502 3576 -84 -48
3503 7224 85 89
3504 8919 -76 -55
3505 4996 16 27
3506 9711 -1 -78
3507 146 54 74
3508 4179 -99 -53
3509 9241 60 31
3510 8931 -56 -26
3511 378 77 16
3512 9078 -51 -35
3513 2764 38 88
3514 9481 -48 -89
3515 1753 32 27
3516 7291 -38 -99
3517 1116 37 10
3518 1512 -10 -2
3519 9688 19 36
3520 4759 -46 -55
3521 4105 95 73
3522 2545 -62 -64
3523 3151 42 41
3524 63 -28 -99
3525 2937 52 98
3526 1447 -58 -53
3527 6812 40 84
3528 6259 -14 -97
3529 1892 56 59
3530 8073 -24 -47
3531 2312 61 94
3532 1941 -70 -35
3533 752 6 44
3534 4854 -5 -11
3535 2998 55 87
3536 9189 -18 -13
3537 2091 75 90
3538 9094 -19 -36
3539 4643 46 98
3540 6612 -67 -50
3541 8167 24 93
3542 1643 -46 -10
3543 7117 38 17
3544 418 -1 -49
3545 7166 70 91
3546 6481 -4 -90
3547 122 56 71
3548 7674 -51 -44
3549 6150 31 55
3550 3597 -99 -82
3551 931 36 61
3552 3494 -78 -71
3553 8097 38 7
3554 4938 -59 -97
3555 4556 20 69
3556 2527 -69 -78
3557 4993 98 49
3558 3985 -7 -39
3559 1335 59 82
3560 3110 -9 -33
3561 6423 96 67
3562 9405 -65 -48
3563 2826 18 39
3564 4854 -98 -62
3565 885 87 83
3566 3298 -72 -68
3567 6240 14 4
3568 3685 -71 -52
3569 2560 10 36
3570 4455 -93 -16
3571 6214 74 18
3572 5984 -64 -21
3573 641 23 39
3574 629 -61 -12
3575 9503 47 69
3576 4844 -32 -63
3577 3950 20 81
3578 9520 -90 -64
3579 1960 17 9
3580 6027 -72 -5
3581 9473 50 13
3582 6978 -57 -21
3583 1926 72 45
3584 5478 -85 -97
3585 2564 7 70
3586 3416 -20 -74
3587 1666 48 56
3588 6356 -51 0
3589 2653 22 66
3590 6831 -23 -10
3591 3898 64 98
3592 8717 -93 -74
3593 6732 8 10
3594 8186 -29 -59
3595 6948 33 9
3596 3427 -3 -75
3597 9939 28 3
3598 5213 -41 -26
3599 950 91 73
3600 4634 -92 -68
3601 4232 24 0
3602 2354 0 -90
3603 3403 93 12
3604 3823 -9 -2
3605 8427 99 69
3606 6659 -15 -25
3607 7914 2 18
3608 2844 -88 -49
3609 6394 4 46
3610 3913 -11 -41
3611 9037 20 38
3612 5599 -97 -61
3613 5644 33 2
3614 7258 -34 -5
3615 3438 10 34
3616 2705 -64 -85
3617 9284 97 12
3618 8607 -70 -77
3619 7006 70 19
3620 5696 -63 0
3621 3436 77 91
3622 8166 -4 -97
3623 2030 60 23
3624 350 -15 -1
3625 8466 49 53
3626 1941 -14 -84
3627 8056 49 89
3628 2810 -16 -29
3629 5866 71 8
3630 3714 -89 -59
3631 2936 44 94
3632 5086 -22 -6
3633 7233 69 88
3634 9534 -11 -61
3635 2870 36 9
3636 8074 -23 -54
3637 5169 83 87
3638 2927 -47 -49
3639 702 33 23
3640 5860 -33 -14
3641 4506 93 85
3642 5481 -39 -16
3643 111 1 41
3644 8565 -39 -59
3645 2520 16 75
3646 3803 -94 -56
3647 4565 10 98
3648 4958 -92 -82
3649 9283 24 5
3650 2391 -9 -88
3651 8630 88 43
3652 3781 -62 -88
3653 9020 38 31
3654 5801 -48 -42
3655 2563 93 26
3656 3077 -69 -43
3657 6049 7 13
3658 3608 -81 -67
3659 4696 40 67
3660 6931 -28 -47
3661 5615 32 27
3662 4070 -89 0
3663 8974 70 54
3664 9436 -2 -69
3665 7800 29 66
3666 4129 0 -4
3667 5571 17 84
3668 1975 -71 -55
3669 1428 84 2
3670 7564 -12 -7
3671 3191 3 39
3672 3670 -47 -53
3673 6106 27 33
3674 2119 -32 -31
3675 4569 75 34
3676 2821 -20 -75
3677 2557 48 54
3678 6784 -35 -97
3679 7405 32 38
3680 5322 -93 -66
3681 4574 31 40
3682 8885 -90 -43
3683 2629 3 42
3684 7664 -75 0
3685 9975 47 50
3686 4891 -58 -80
3687 6441 17 36
3688 6459 -61 -69
3689 4178 2 28
3690 7655 -61 -18
3691 3430 90 87
3692 2774 -27 -61
3693 5142 94 4
3694 1556 -94 -80
3695 2031 39 44
3696 5308 -99 -54
3697 2320 61 45
3698 5148 -45 -60
3699 7694 11 12
3700 85 -93 -63
3701 3467 91 81
3702 2941 -33 -12
3703 1287 46 79
3704 7555 -33 -54
3705 9543 29 0
3706 4682 -26 -9
3707 5933 81 93
3708 9950 -23 -8
3709 813 95 52
3710 530 -43 -73
3711 360 12 13
3712 5412 -93 -92
3713 2705 45 94
3714 9241 -17 -29
3715 2971 46 98
3716 3719 -9 -1
3717 1872 2 83
3718 9684 -64 -77
3719 3524 13 89
3720 9047 -94 -2
3721 7467 32 5
3722 7137 -74 -22
3723 7332 15 59
3724 3748 -41 -24
3725 1370 97 59
3726 7682 -43 -10
3727 3653 50 33
3728 3187 -65 -31
3729 6202 8 61
3730 5408 -38 -15
3731 8755 66 89
3732 3667 -13 -84
3733 2262 41 30
3734 7329 -87 -86
3735 3186 2 2
3736 8954 -34 -42
3737 4615 55 16
3738 741 -95 -74
3739 5541 95 72
3740 9801 -19 -62
3741 5982 87 4
3742 4845 -86 -87
3743 7483 54 83
3744 5681 -75 -67
3745 1042 15 25
3746 8000 -97 -42
3747 1975 93 54
3748 2541 -34 -52
3749 6161 75 91
3750 2835 -68 -9
3751 8784 85 88
3752 7563 -42 -65
3753 3529 44 56
3754 2074 -36 -68
3755 3257 58 24
3756 3108 -9 -99
3757 729 88 29
3758 6379 -15 -58
3759 7544 61 25
3760 7945 -77 -12
3761 4989 87 87
3762 2523 -76 -69
3763 1627 76 98
3764 9594 -89 -24
3765 1790 84 28
3766 2171 -95 -24
3767 48 66 56
3768 4052 -39 -55
3769 41 97 5
3770 4028 -86 -86
3771 4008 73 4
3772 8902 -75 -82
3773 809 49 7
3774 2507 -31 -52
3775 3897 88 58
3776 9698 -51 -33
3777 4170 74 7
3778 1664 -79 -28
3779 3736 66 45
3780 6717 -96 -87
3781 9539 51 97
3782 2004 -9 -73
3783 9423 92 33
3784 5718 -41 -27
3785 24 84 23
3786 9155 -64 -48
3787 2058 41 81
3788 9522 -66 -36
3789 6820 97 93
3790 2373 -95 -34
3791 7085 62 66
3792 7889 -13 -62
3793 9795 54 62
3794 8161 -4 -90
3795 5902 92 28
3796 9435 -92 -80
3797 7652 8 23
3798 8579 -13 -45
3799 6695 43 3
3800 1440 -20 -57
3801 8843 15 2
3802 6307 -43 -30
3803 3640 72 11
3804 934 -60 -40
3805 2214 20 29
3806 5554 -38 -89
3807 7629 93 78
3808 6370 -65 -11
3809 8886 38 75
3810 9949 -35 -48
3811 8890 78 15
3812 4191 -89 -76
3813 8619 85 56
3814 5357 -90 -18
3815 8753 95 55
3816 5608 -32 -72
3817 6673 91 74
3818 8012 -58 -65
3819 3254 8 6
3820 9208 -1 -1
3821 8370 60 86
3822 8588 -12 -56
3823 839 85 49
3824 9204 -69 -60
3825 8645 11 30
3826 451 -32 0
3827 6667 27 71
3828 5839 -73 -81
3829 4435 30 63
3830 521 -4 -78
3831 318 84 21
3832 6821 -61 -11
3833 6949 15 52
3834 2040 -30 -89
3835 1480 83 68
3836 2980 -66 -78
3837 4157 79 98
3838 2875 -27 -51
3839 963 23 19
3840 9783 -28 -96
3841 8635 83 26
3842 3915 -5 -78
3843 7118 49 45
3844 3822 -68 -22
3845 9212 76 89
3846 100 -5 0
3847 6790 65 56
3848 4485 -52 -38
3849 1437 57 85
3850 9516 -55 -36
3851 636 77 29
3852 8954 -59 -32
3853 7041 23 12
3854 2158 -65 -69
3855 5139 49 26
3856 8573 -91 -60
3857 2128 75 70
3858 3373 -95 -79
3859 8361 25 34
3860 2288 -54 -45
3861 9736 23 73
3862 6230 -3 -58
3863 6693 67 94
3864 2892 -52 -85
3865 1138 40 58
3866 5645 -85 -4
3867 8876 18 99
3868 9661 -39 -85
3869 5636 3 81
3870 4729 -16 -76
3871 2325 76 7
3872 7069 -22 -5
3873 854 19 20
3874 3138 -97 -78
3875 9503 62 19
3876 26 -34 -41
3877 1751 8 4
3878 5764 -18 -55
3879 1569 12 31
3880 7754 -65 -52
3881 5215 77 14
3882 1800 -63 -1
3883 4605 24 98
3884 2649 -80 -46
3885 231 95 67
3886 7212 -51 -39
3887 1960 14 80
3888 5960 -96 -19
3889 3174 27 66
3890 5373 -79 -14
3891 4179 7 68
3892 7257 -38 -59
3893 3896 39 36
3894 2539 -40 -51
3895 5456 76 40
3896 3470 -40 -90
3897 8674 84 1
3898 7624 -80 -63
3899 7208 80 8
3900 4376 -80 -23
3901 7609 15 66
3902 8736 -16 -7
3903 7625 56 93
3904 7763 -51 -87
3905 9673 25 0
3906 6144 -7 -46
3907 7867 63 16
3908 9614 -90 -74
3909 1734 59 86
3910 5032 -67 -14
3911 975 3 66
3912 1490 -72 -23
3913 3542 1 28
3914 7795 -8 -28
3915 6714 49 64
3916 9205 -92 -54
3917 4543 45 39
3918 29 -71 -37
3919 9033 5 46
3920 7374 -10 -65
3921 5222 3 7
3922 6963 -5 -64
3923 1460 81 8
3924 145 -65 -74
3925 9769 83 34
3926 6263 -17 -73
3927 3290 91 32
3928 4750 -87 -99
3929 6715 27 90
3930 5411 -15 -72
3931 5268 71 98
3932 791 -63 -88
3933 8185 53 45
3934 3629 -93 -89
3935 4204 53 73
3936 1686 0 -78
3937 3957 77 40
3938 9797 -53 -45
3939 5535 97 4
3940 3074 -66 -9
3941 3392 98 67
3942 3404 -49 -91
3943 223 23 34
3944 5292 -63 -59
3945 9234 41 75
3946 2866 -15 -19
3947 5057 50 97
3948 5440 -9 -96
3949 6006 86 43
3950 4081 -79 -56
3951 6908 18 0
3952 8529 -8 -86
3953 592 92 22
3954 4303 -48 -10
3955 9542 59 29
3956 2896 -45 -31
3957 9716 84 14
3958 2406 -98 -23
3959 1484 49 2
3960 3538 -41 -35
3961 9747 48 62
3962 5071 -30 -68
3963 7789 61 27
3964 2626 -71 -44
3965 9719 48 61
3966 7700 -83 -24
3967 8354 27 96
3968 277 -89 -94
3969 9661 0 4
3970 6649 -71 -72
3971 8345 78 59
3972 5167 -51 -22
3973 9951 93 23
3974 618 -64 -54
3975 7797 89 56
3976 2704 -13 -26
3977 7830 26 22
3978 268 -16 -46
3979 8705 99 27
3980 5130 -54 -38
3981 2799 54 5
3982 9095 -27 -51
3983 8789 84 55
3984 5843 -6 -36
3985 1108 7 44
3986 715 -80 -53
3987 978 46 9
3988 1414 -22 -53
3989 1868 56 88
3990 4741 -4 -67
3991 1424 79 91
3992 6087 -83 -60
3993 7926 17 52
3994 7160 -76 -46
3995 8910 3 1
3996 664 -10 -91
3997 4647 36 86
3998 6575 -26 -39
3999 5251 24 96
4000 3237 -5 -54
4001 7287 22 2
4002 4512 -43 -97
4003 6135 53 57
4004 3332 -70 -34
4005 8186 14 38
4006 9154 -62 -42
4007 982 88 89
4008 4822 -43 -57
4009 9971 93 39
4010 7643 -41 -79
4011 5617 6 98
4012 9295 -8 -23
4013 9383 49 44
4014 1795 -41 -54
4015 4851 68 13
4016 8520 -39 -22
4017 395 78 68
4018 6188 -86 -43
4019 8197 82 93
4020 5638 -98 -82
4021 2548 6 55
4022 9275 -5 -21
4023 3856 98 45
4024 503 -26 -30
4025 5761 31 27
4026 6601 -40 -20
4027 4186 31 97
4028 5945 -36 -70
4029 1056 24 30
4030 9556 -30 -87
4031 536 3 50
4032 1911 -5 -82
4033 9991 90 52
4034 9309 -10 -6
4035 9875 13 32
4036 3442 -88 -55
4037 1510 98 88
4038 8615 -95 -81
4039 2933 0 59
4040 6539 -99 -1
4041 9940 97 2
4042 9640 -21 -67
4043 1554 7 28
4044 4560 -3 -70
4045 3621 95 45
4046 2645 -49 -87
4047 4673 99 96
4048 8173 -85 -62
4049 3573 44 75
4050 586 -79 -81
4051 4303 29 69
4052 1187 -61 -89
4053 9277 57 41
4054 9287 -91 -35
4055 4640 34 69
4056 4242 -57 -81
4057 4320 56 16
4058 4598 -45 -76
4059 9331 51 62
4060 3106 -75 -67
4061 9751 12 71
4062 2883 -11 -35
4063 3664 62 46
4064 8795 -72 -28
4065 2270 91 35
4066 8013 -99 -93
4067 112 27 10
4068 8946 -43 -49
4069 1901 14 37
4070 1323 -39 -83
4071 1701 89 3
4072 6134 -70 -52
4073 4703 18 66
4074 2863 -42 -57
4075 9878 53 68
4076 567 -77 -7
4077 9884 73 51
4078 4944 -72 -43
4079 7612 88 12
4080 4530 -73 -77
4081 1633 81 84
4082 6266 -15 -84
4083 7789 47 29
4084 9753 -36 -85
4085 7690 70 44
4086 4815 -42 -88
4087 6525 26 22
4088 9149 -7 -26
4089 2930 31 49
4090 4499 -93 -74
4091 375 96 72
4092 3984 -55 -71
4093 8241 14 1
4094 8428 -72 -71
4095 8527 11 45
4096 9145 -95 -27
4097 7296 63 36
4098 6773 -96 -85
4099 6110 57 62
4100 4189 -50 -16
4101 5770 48 15
4102 6253 -33 -43
4103 3971 45 13
4104 1175 -69 -79
4105 4776 72 29
4106 939 -18 -4
4107 3629 48 41
4108 2896 -29 -30
4109 8395 60 55
4110 6521 -88 -89
4111 8311 56 5
4112 2112 -55 -19
4113 7113 4 59
4114 4914 -62 -85
4115 5523 92 9
4116 3955 -35 -26
4117 5705 20 39
4118 1410 -45 -90
4119 4747 55 0
4120 4207 -23 -97
4121 5442 23 3
4122 7366 -52 -54
4123 172 57 88
4124 4131 -17 -1
4125 985 59 66
4126 286 -8 -46
4127 8607 84 66
4128 1764 -18 -66
4129 3150 7 0
4130 3050 -45 -62
4131 4677 98 4
4132 7105 -71 -6
4133 9206 65 17
4134 3932 -74 -17
4135 5650 69 57
4136 8783 -29 -12
4137 135 61 25
4138 8886 -43 -51
4139 2018 90 90
4140 8231 -69 -49
4141 319 90 85
4142 7595 -74 -23
4143 5474 56 39
4144 6238 -33 -69
4145 1090 39 65
4146 6750 -75 -27
4147 9812 76 40
4148 3998 -87 -31
4149 8439 47 14
4150 3743 -85 -46
4151 4626 35 74
4152 3243 -30 -80
4153 5300 15 36
4154 9903 -74 -45
4155 3594 44 44
4156 36 -97 0
4157 9368 4 25
4158 4062 -62 -33
4159 1396 25 53
4160 6899 -89 -80
4161 3818 63 28
4162 7311 -29 -65
4163 4412 67 7
4164 6486 -71 -54
4165 7953 93 82
4166 9149 -2 -18
4167 200 56 75
4168 1007 -96 -74
4169 859 15 38
4170 5248 -12 -84
4171 8188 53 29
4172 5363 -3 -40
4173 7216 29 46
4174 1949 -96 -55
4175 3571 77 57
4176 6766 -58 -11
4177 8257 1 55
4178 8555 -66 -51
4179 7624 79 24
4180 6204 0 -82
4181 9000 20 32
4182 3004 -71 -47
4183 1288 9 68
4184 8428 -16 -35
4185 4532 27 67
4186 2379 -93 -62
4187 5723 78 60
4188 4820 -17 -15
4189 3984 60 85
4190 8983 -72 -64
4191 8587 12 73
4192 4182 -83 -93
4193 2290 85 61
4194 7313 -9 -65
4195 31 40 54
4196 4657 -58 -60
4197 9082 68 31
4198 7151 -24 -95
4199 2505 23 13
4200 5500 -1 -16
4201 3327 21 9
4202 1887 0 -69
4203 8749 71 1
4204 6660 -92 -3
4205 6789 41 55
4206 6063 -18 -92
4207 1923 63 25
4208 5184 -80 -52
4209 2073 98 91
4210 5561 -2 -36
4211 1538 88 15
4212 3823 -57 0
4213 4437 33 3
4214 9454 -6 -19
4215 9677 6 29
4216 2504 -22 -59
4217 2471 89 11
4218 414 -18 -12
4219 5059 90 79
4220 223 -13 -81
4221 6005 96 50
4222 8508 -31 -58
4223 604 46 97
4224 8093 -57 -94
4225 621 39 88
4226 4994 -7 -9
4227 1319 15 21
4228 1192 -94 -69
4229 2399 35 49
4230 4365 -42 -55
4231 2729 6 51
4232 3130 -50 -93
4233 8358 81 99
4234 5893 -37 -90
4235 7420 45 75
4236 7373 -17 -82
4237 6958 9 92
4238 1150 -91 -46
4239 3561 25 31
4240 7053 -14 -89
4241 8828 85 57
4242 3288 -16 -53
4243 792 40 51
4244 9741 -66 -21
4245 958 87 12
4246 1335 -2 -44
4247 5443 69 42
4248 9106 -52 -95
4249 9958 28 14
4250 6193 -93 -79
4251 3054 58 92
4252 2531 -31 -58
4253 5113 53 71
4254 4401 -97 -84
4255 4367 72 3
4256 3238 -34 -90
4257 6811 56 11
4258 723 -49 -12
4259 7907 55 78
4260 3027 -21 -80
4261 5276 48 62
4262 1412 -35 -38
4263 6265 74 3
4264 9446 -89 -73
4265 8434 67 82
4266 9182 -8 -31
4267 9793 47 71
4268 7227 -59 -72
4269 9349 94 41
4270 8855 -98 -65
4271 5120 4 30
4272 4317 -1 -74
4273 5139 61 6
4274 9548 -41 -44
4275 1673 42 13
4276 9467 -79 -6
4277 9404 84 47
4278 7633 -26 -60
4279 6679 90 16
4280 5721 -21 -20
4281 1231 65 36
4282 6225 -54 -52
4283 4982 56 6
4284 7650 -63 -91
4285 4557 79 21
4286 2245 -72 -40
4287 9669 26 64
4288 5044 -73 -71
4289 1331 8 30
4290 889 -69 -92
4291 4377 2 86
4292 5285 0 -95
4293 5176 6 76
4294 3503 -72 -91
4295 843 80 95
4296 470 -32 -44
4297 1647 16 2
4298 1677 -44 -41
4299 3434 23 97
4300 2432 -80 -70
4301 1349 27 92
4302 5164 -70 -43
4303 3761 48 59
4304 7673 -65 -4
4305 5199 46 15
4306 3864 -34 -14
4307 3903 73 89
4308 3825 -13 -80
4309 7519 83 43
4310 3403 -27 -84
4311 8932 16 14
4312 7057 -53 -49
4313 4746 57 27
4314 4997 -90 -77
4315 2312 23 49
4316 8230 -46 -22
4317 1945 53 62
4318 1647 -21 -28
4319 2019 34 2
4320 5464 -33 -34
4321 2004 43 23
4322 376 -34 -3
4323 3759 51 65
4324 8871 -91 -46
4325 4637 82 48
4326 9339 -62 -89
4327 3904 90 44
4328 7347 -10 -50
4329 7359 3 8
4330 1472 -72 -92
4331 1239 13 97
4332 3686 -44 -57
4333 9357 26 59
4334 5103 -52 -86
4335 438 55 43
4336 7046 -63 -45
4337 4968 25 60
4338 1349 -93 -72
4339 8150 94 75
4340 5261 -25 -26
4341 3841 60 22
4342 2164 -22 -80
4343 1411 44 10
4344 836 -23 -22
4345 417 59 73
4346 3322 -38 -64
4347 9228 58 83
4348 6422 -34 -46
4349 2923 19 62
4350 8538 -83 -61
4351 4834 80 81
4352 5993 -81 -7
4353 684 39 93
4354 7946 -19 -73
4355 2516 70 84
4356 636 -89 -75
4357 6376 29 40
4358 9304 -47 -16
4359 3350 0 33
4360 8636 -9 -65
4361 6588 87 21
4362 1735 -50 -85
4363 196 52 18
4364 237 -3 -67
4365 6645 26 78
4366 8349 -25 -77
4367 8082 12 24
4368 5616 -79 -80
4369 3183 58 48
4370 62 -94 -74
4371 6798 85 41
4372 4452 -34 -11
4373 9597 3 72
4374 6278 -83 0
4375 4957 3 33
4376 2406 -89 -65
4377 5527 39 79
4378 3934 -10 -48
4379 4663 74 20
4380 5424 -53 -76
4381 7181 21 70
4382 1908 -83 -52
4383 9538 36 9
4384 4090 -28 -83
4385 2958 3 41
4386 7770 -94 -37
4387 9656 21 31
4388 7375 -60 -63
4389 2869 30 78
4390 8149 -22 -88
4391 8380 60 44
4392 7004 -86 -26
4393 5707 95 73
4394 5879 -78 -91
4395 2547 81 97
4396 913 -56 0
4397 7115 30 41
4398 6052 -79 -22
4399 9170 63 0
4400 7651 -19 -66
4401 5969 28 57
4402 4239 -13 -22
4403 4089 24 42
4404 5875 -9 -78
4405 569 23 18
4406 850 -41 -6
4407 8828 5 97
4408 1507 -92 -82
4409 979 82 52
4410 150 -33 -57
4411 423 5 78
4412 8132 -30 -53
4413 1270 63 28
4414 1242 -64 -20
4415 2086 41 75
4416 9157 -74 -71
4417 7031 49 0
4418 4838 -29 -95
4419 5326 62 32
4420 827 -67 -5
4421 2914 56 36
4422 5587 -28 -69
4423 8352 37 49
4424 1959 -58 -17
4425 8916 74 7
4426 4838 -87 -31
4427 6748 6 78
4428 3285 -3 -92
4429 4020 7 6
4430 4816 -52 -63
4431 966 34 22
4432 8556 -36 -72
4433 2854 82 32
4434 6121 -12 -47
4435 1 64 90
4436 1469 -25 -11
4437 4737 2 86
4438 466 -28 -9
4439 8841 80 20
4440 3157 -95 -48
4441 1957 94 76
4442 1482 -5 -38
4443 8604 60 71
4444 5376 -60 -44
4445 3466 63 42
4446 7245 -10 -34
4447 6586 93 33
4448 4191 -97 -95
4449 5895 95 44
4450 6272 -60 -98
4451 127 79 92
4452 3871 -84 -52
4453 266 34 23
4454 1708 -58 -70
4455 2070 40 24
4456 7144 -89 -26
4457 9166 18 77
4458 7016 -42 -62
4459 9980 7 40
4460 7877 -83 -21
4461 1530 41 42
4462 661 -58 -83
4463 4635 43 11
4464 3946 -32 -70
4465 2379 35 97
4466 4793 -81 -70
4467 1850 80 92
4468 9111 -95 -30
4469 2907 60 70
4470 5159 -55 -34
4471 9327 53 73
4472 9439 -25 -63
4473 372 98 85
4474 837 -83 -92
4475 1011 4 39
4476 8943 -9 -73
4477 8765 51 66
4478 6482 -51 -17
4479 5758 96 88
4480 9614 -13 -87
4481 684 14 84
4482 3606 -97 -1
4483 9767 27 81
4484 8634 -32 -60
4485 7573 82 33
4486 8472 -5 -76
4487 8489 17 28
4488 9906 -12 -69
4489 2893 22 57
4490 5628 -89 -72
4491 7408 7 31
4492 3047 -3 -37
4493 1921 66 68
4494 6169 -27 -94
4495 5335 87 1
4496 5132 -70 -37
4497 9226 73 86
4498 4998 -51 -26
4499 6274 16 86
4500 2499 -13 -5
4501 4363 21 67
4502 8089 -36 -16
4503 5548 26 15
4504 3356 -53 -35
4505 5789 14 12
4506 4423 -94 -7
4507 2295 6 56
4508 3859 -39 -44
4509 216 97 70
4510 4798 -12 -80
4511 4596 14 53
4512 2855 -98 -94
4513 4579 4 3
4514 5333 -56 -78
4515 4848 25 80
4516 2888 -53 -97
4517 4398 66 26
4518 7978 -87 -23
4519 6908 61 9
4520 6822 -72 -81
4521 3357 91 10
4522 9369 -44 -1
4523 8398 48 3
4524 389 -54 -53
4525 8477 91 88
4526 2704 -47 -20
4527 4347 24 50
4528 7202 -11 -9
4529 2678 66 16
4530 7101 -36 -79
4531 9758 93 7
4532 4393 -47 -54
4533 5294 56 55
4534 2952 -3 -77
4535 3269 70 9
4536 2649 -41 -1
4537 3720 80 31
4538 4673 -88 -9
4539 7826 37 63
4540 9008 -34 -71
4541 4992 84 87
4542 2922 -38 -55
4543 1422 59 94
4544 8558 -27 -83
4545 5707 97 53
4546 7467 -87 -19
4547 6621 44 77
4548 8981 -19 -29
4549 8533 64 38
4550 1830 -52 -90
4551 7855 37 86
4552 1443 -97 -10
4553 4511 22 58
4554 7508 -38 -57
4555 9609 62 86
4556 6754 -92 -12
4557 808 50 65
4558 6373 -73 -63
4559 9425 76 83
4560 3807 -71 -16
4561 8210 99 86
4562 4677 -39 -24
4563 3411 28 89
4564 2875 -61 -72
4565 7843 68 48
4566 9300 -11 -76
4567 3962 27 60
4568 2992 -69 -34
4569 754 53 1
4570 8803 -39 -44
4571 5175 33 86
4572 1538 -60 -99
4573 4107 74 71
4574 220 -65 -87
4575 3339 23 25
4576 8613 -58 -13
4577 4848 37 57
4578 519 -41 -52
4579 9092 36 43
4580 2422 -78 -22
4581 9566 98 83
4582 2614 -86 -7
4583 5703 23 48
4584 5923 -85 -75
4585 6700 99 63
4586 4016 -42 -72
4587 6865 45 44
4588 7377 -31 -12
4589 399 49 54
4590 8252 -49 -52
4591 4426 3 44
4592 3325 -51 -48
4593 5112 90 57
4594 5896 -76 -89
4595 1626 97 53
4596 1828 -51 -73
4597 4533 95 94
4598 871 -26 -30
4599 3333 62 81
4600 7730 -72 -40
4601 8916 61 29
4602 5804 -21 -13
4603 8009 36 17
4604 1149 -76 -90
4605 6479 97 88
4606 9644 -13 -26
4607 1817 0 85
4608 6423 -55 -63
4609 6595 70 93
4610 5996 -44 -72
4611 9791 23 2
4612 5759 -31 -21
4613 8903 73 56
4614 3480 -69 -96
4615 438 38 17
4616 9497 -9 -27
4617 5509 21 85
4618 8818 -88 -18
4619 1414 69 48
4620 8944 -18 -29
4621 9758 87 29
4622 8520 -78 -3
4623 6737 87 40
4624 2480 -3 -6
4625 3464 69 6
4626 9616 -75 -40
4627 7382 30 53
4628 8140 -90 -70
4629 1002 86 71
4630 4472 -94 -91
4631 8396 59 94
4632 8754 -85 -24
4633 3669 31 5
4634 7424 -45 -67
4635 5184 91 86
4636 6592 -67 -19
4637 7763 63 14
4638 5355 -32 -75
4639 2161 21 36
4640 7817 -31 -24
4641 5202 54 8
4642 6591 -76 -81
4643 1982 31 14
4644 1871 -74 -11
4645 655 4 79
4646 8942 -94 -43
4647 331 86 18
4648 2879 -2 -20
4649 7941 15 88
4650 8477 -96 -87
4651 4745 85 53
4652 9228 -77 -82
4653 945 31 7
4654 2301 -6 -19
4655 3736 1 36
4656 4214 -65 -45
4657 2713 7 37
4658 5180 -21 -31
4659 4364 98 78
4660 2520 -97 -90
4661 6975 21 96
4662 1016 -38 -52
4663 6220 59 38
4664 760 -24 -66
4665 2313 99 36
4666 7713 -24 -57
4667 9535 7 74
4668 5664 -76 -10
4669 5384 64 49
4670 4231 -26 -39
4671 4764 8 41
4672 7510 -67 -26
4673 5790 45 64
4674 1458 -73 -63
4675 1890 38 26
4676 8211 -21 -35
4677 4436 78 6
4678 9009 -75 -29
4679 4355 54 57
4680 2004 -68 -94
4681 7689 90 63
4682 9218 -45 -53
4683 3843 93 41
4684 4726 -70 -20
4685 759 79 88
4686 6632 -70 -37
4687 1607 54 5
4688 1611 0 -49
4689 9578 31 52
4690 3474 -85 -97
4691 4418 12 81
4692 7894 -91 -87
4693 1213 80 7
4694 4390 -81 -67
4695 3421 6 61
4696 5372 -19 -93
4697 8629 81 2
4698 3391 -45 -17
4699 6910 19 9
4700 1846 -33 -66
4701 8140 39 62
4702 8121 -44 -90
4703 4059 10 62
4704 7888 -17 -44
4705 3784 73 70
4706 2098 -55 -11
4707 3990 72 77
4708 1838 -73 -61
4709 988 60 33
4710 9751 -23 -27
4711 7254 33 73
4712 3343 -3 -57
4713 7469 22 81
4714 8307 -73 -59
4715 8214 48 81
4716 2998 -95 -3
4717 6476 68 99
4718 6726 -10 -60
4719 6252 44 6
4720 7261 -96 -47
4721 6593 94 5
4722 6912 -76 -41
4723 6986 80 93
4724 4159 -6 -66
4725 5481 7 61
4726 8661 -21 -57
4727 1932 8 59
4728 147 -14 -66
4729 1645 52 38
4730 8404 -77 -19
4731 6709 87 5
4732 5264 0 -96
4733 302 71 35
4734 474 -6 -2
4735 6638 84 45
4736 710 -24 -96
4737 3534 22 80
4738 688 -34 -29
4739 1444 92 93
4740 8546 -84 -81
4741 9337 1 40
4742 558 -33 -18
4743 1888 73 52
4744 8310 -56 -12
4745 7587 56 98
4746 7084 -11 -25
4747 9250 81 46
4748 5414 -22 -46
4749 4679 99 24
4750 6519 -8 -21
4751 3756 1 49
4752 511 -63 -17
4753 6139 64 30
4754 962 0 -72
4755 7300 49 36
4756 7439 -60 -47
4757 3582 21 85
4758 4240 -47 -37
4759 8027 42 41
4760 3361 -29 -5
4761 4372 91 23
4762 221 -40 -19
4763 3380 40 83
4764 3011 -65 -20
4765 3623 85 97
4766 4586 -83 -89
4767 3124 3 5
4768 2273 -2 -56
4769 3599 64 55
4770 351 -59 -38
4771 8988 3 55
4772 5189 -70 -68
4773 2425 47 80
4774 6530 -54 -54
4775 4925 29 11
4776 3771 -84 -38
4777 4658 17 3
4778 9261 -10 -18
4779 5090 46 64
4780 9381 -91 -96
4781 5491 86 96
4782 331 -20 -95
4783 7700 10 64
4784 6490 -92 -77
4785 6223 44 65
4786 9869 -23 -16
4787 5233 67 69
4788 543 -53 -81
4789 2223 86 88
4790 5712 -93 -13
4791 7552 70 0
4792 4848 -45 -51
4793 4103 16 11
4794 2378 -20 -33
4795 6382 69 6
4796 1751 -54 -20
4797 5635 47 22
4798 6845 -66 -17
4799 7443 99 35
4800 8556 -38 -20
4801 4741 9 97
4802 3178 -68 -34
4803 8098 73 74
4804 4014 -93 -53
4805 5950 90 74
4806 9124 -66 -45
4807 687 90 78
4808 8955 -94 -32
4809 8390 49 71
4810 1097 -25 -41
4811 4570 13 87
4812 3569 -5 -31
4813 5609 12 30
4814 8390 -47 -7
4815 4358 32 43
4816 7088 -86 -21
4817 6813 89 62
4818 4410 -53 -78
4819 6434 16 78
4820 3353 0 -24
4821 26 66 97
4822 5341 -78 -97
4823 7261 7 1
4824 2605 -69 -47
4825 1199 70 79
4826 487 -62 -37
4827 8480 22 94
4828 6272 -92 -77
4829 5181 62 45
4830 5750 -13 -71
4831 4267 52 51
4832 9487 -65 -79
4833 8207 76 6
4834 9365 -4 -73
4835 3492 30 27
4836 1097 -15 -44
4837 8598 7 68
4838 5358 -56 -50
4839 7681 34 2
4840 6495 -6 -37
4841 2381 44 76
4842 6463 -26 -41
4843 7397 12 70
4844 9828 -76 -42
4845 3067 42 82
4846 5373 -87 -16
4847 5184 67 5
4848 2926 -27 -20
4849 9038 32 4
4850 9262 0 -68
4851 3924 0 11
4852 8019 -67 -61
4853 9548 43 29
4854 9104 -63 -81
4855 8904 61 85
4856 1589 -48 -33
4857 767 20 80
4858 1737 -16 -44
4859 2376 54 35
4860 6926 -38 -6
4861 279 32 89
4862 1975 -68 -31
4863 6437 5 25
4864 1225 -47 -86
4865 5527 30 38
4866 6854 -43 -75
4867 1456 53 39
4868 1118 -91 -5
4869 1970 3 19
4870 9521 -29 -35
4871 1139 55 33
4872 820 -23 -33
4873 2531 29 76
4874 4267 -44 -13
4875 410 13 76
4876 8437 -18 -47
4877 2374 56 18
4878 4163 -72 -56
4879 6435 36 73
4880 2282 -19 -29
4881 7559 16 85
4882 1586 -33 -48
4883 4987 28 8
4884 6019 -57 -77
4885 3137 95 71
4886 8764 -24 -70
4887 2677 98 92
4888 9266 -56 -3
4889 6839 58 32
4890 197 -52 -90
4891 9634 12 68
4892 4702 -16 -88
4893 350 70 43
4894 2502 -85 -12
4895 142 82 94
4896 3490 -43 -13
4897 4854 33 79
4898 1930 -11 -86
4899 1676 95 41
4900 4339 -76 -47
4901 8261 46 30
4902 4031 -78 -85
4903 6362 87 41
4904 4927 -22 -12
4905 2768 21 32
4906 2900 -53 -23
4907 1668 71 77
4908 535 -28 -17
4909 8367 21 61
4910 8018 -55 -55
4911 6672 58 81
4912 5898 -98 -5
4913 1666 91 94
4914 2904 -21 -44
4915 5026 73 30
4916 1360 -37 -89
4917 2304 85 6
4918 3596 -58 -3
4919 2996 54 54
4920 6672 -68 -18
4921 5394 83 14
4922 4823 -47 -71
4923 8418 99 1
4924 4798 -43 -68
4925 7603 78 62
4926 6055 -74 -63
4927 8795 6 73
4928 1491 -51 -59
4929 2072 57 41
4930 5043 -85 -80
4931 2865 64 56
4932 5606 -21 -2
4933 95 92 27
4934 603 -8 -51
4935 2465 89 96
4936 9037 -72 -31
4937 2344 1 3
4938 6 -75 -89
4939 5201 4 56
4940 4784 -70 -68
4941 2815 75 44
4942 3059 -15 -57
4943 2690 58 66
4944 6247 -36 -80
4945 1644 74 26
4946 3530 -29 -51
4947 5665 97 47
4948 623 -52 -9
4949 9522 41 77
4950 3775 -8 -50
4951 1723 84 33
4952 8807 -6 -68
4953 633 71 52
4954 4766 -88 -7
4955 2192 43 20
4956 3489 -26 -61
4957 1232 76 21
4958 4820 -58 -4
4959 6131 55 63
4960 6651 -4 -75
4961 1580 68 72
4962 8779 -75 -2
4963 8803 69 27
4964 1862 -21 -23
4965 8683 53 52
4966 6880 -83 -11
4967 4753 88 56
4968 5361 -34 -29
4969 3937 58 14
4970 6949 -76 -24
4971 3214 37 69
4972 6554 -41 -29
4973 5651 17 0
4974 947 -93 -77
4975 7454 15 85
4976 8766 -11 -81
4977 9777 20 50
4978 1513 -19 -90
4979 4100 10 23
4980 9870 -85 -37
4981 3503 43 12
4982 7276 -33 -98
4983 4886 88 81
4984 9136 -87 -54
4985 5844 9 94
4986 8875 -91 -50
4987 4068 56 50
4988 6699 -71 -57
4989 9311 30 9
4990 9659 -26 -95
4991 3772 31 0
4992 3703 -57 -59
4993 6058 43 90
4994 2035 -82 -41
4995 493 61 32
4996 9401 -89 -69
4997 5209 66 75
4998 9400 -71 -45
4999 9228 48 4
5000 82 -52 -93
