1 7370 9593 8832
2 1554 4465 9988
3 8858 7765 3145
4 2157 1313 692
5 8901 4237 1342
6 8982 2674 2150
7 3713 2769 475
8 8084 3289 5817
9 4596 7209 1243
10 2829 6497 3390
11 8701 9541 9061
12 8113 2798 5022
13 7320 5605 6193
14 3171 4962 5812
15 5139 8925 4708
16 5555 9726 5594
17 8619 7674 8815
18 5982 9514 2750
19 1924 4144 2780
20 4437 3844 6019
21 9380 2380 1923
22 7163 1275 272
23 3960 5481 9733
24 7338 3230 2985
25 5383 2086 9958
26 7072 9270 7674
27 2415 7645 8774
28 4014 1556 8134
29 5414 8638 9847
30 3587 9865 7043
31 3473 9404 2982
32 609 1282 3076
33 5697 1502 5824
34 2576 73 6950
35 3529 4439 691
36 52 837 6319
37 8135 8627 7713
38 1054 5571 6954
39 3970 9916 3277
40 691 8344 9454
41 5078 3261 3894
42 8456 3896 3650
43 9400 8462 8183
44 435 4438 7735
45 4231 9545 4186
46 3708 5642 2655
47 9312 7643 4034
48 5854 9383 7212
49 2216 1843 7152
50 7029 341 5136
51 9376 2605 3115
52 5261 6674 6272
53 452 5762 1111
54 3147 2970 5392
55 6371 1833 1839
56 21 6554 2544
57 7790 5413 8299
58 4052 9896 1337
59 2544 4361 1514
60 7423 2246 2124
61 2103 3538 9970
62 8777 3750 505
63 8884 7091 114
64 2072 787 4536
65 4178 2506 1688
66 6205 2924 3649
67 1414 6330 8268
68 9884 787 4216
69 3353 3687 3677
70 7232 1195 8479
71 2465 6908 2565
72 4985 1072 3854
73 2706 8512 9158
74 8428 6104 1937
75 581 8352 5947
76 7907 3626 2099
77 2672 1731 7403
78 4299 4721 7267
79 6103 3215 9492
80 7298 9278 9916
81 1640 1106 5933
82 9128 618 3862
83 1136 4305 9751
84 4863 5699 9661
85 9441 2016 1775
86 9202 9368 1419
87 5891 479 9926
88 3216 1309 9656
89 3112 865 560
90 1100 8100 6532
91 4068 1887 7305
92 4189 5535 3601
93 7837 6181 3829
94 5529 4784 716
95 8364 9879 6602
96 5678 5066 8043
97 2316 7270 8514
98 517 8241 8259
99 486 9665 1440
100 4526 9594 9536
101 7401 9489 992
102 3002 5577 9901
103 3375 516 6560
104 3345 4201 9535
105 6835 5963 3620
106 5828 4390 3945
107 3539 5409 7924
108 5697 6309 6363
109 497 8384 2303
110 9587 1860 2878
111 2621 5180 1884
112 7227 7552 1723
113 8328 8228 7796
114 8763 1546 1808
115 6450 9116 981
116 9591 66 7701
117 8022 4439 9609
118 5002 8537 5821
119 3652 5913 202
120 5162 2464 6994
121 9469 8997 6794
122 1594 5057 708
123 4763 7802 6605
124 8176 2917 7158
125 5353 6216 4262
126 2514 911 7648
127 7749 2685 5757
128 3189 7695 3672
129 6723 3931 87
130 2392 7250 4361
131 4745 256 2697
132 7885 6779 633
133 8374 4314 1337
134 7543 8032 823
135 882 5474 5420
136 3908 6277 370
137 8472 9703 2474
138 2442 2011 2874
139 4868 7564 6136
140 2904 1333 6802
141 5624 8749 4122
142 9438 8173 3472
143 1671 8914 4427
144 9983 73 9359
145 7905 7979 6323
146 5095 5697 4326
147 935 2717 1008
148 8062 4843 1440
149 8090 6609 1149
150 8421 9689 8559
151 5214 8566 3234
152 7028 3023 4935
153 2507 6539 2873
154 3198 9936 4958
155 9492 4673 6459
156 1428 4499 2233
157 2530 4785 5369
158 5757 6424 2190
159 8685 4565 2517
160 3244 6163 6773
161 8667 4522 1391
162 5101 234 2470
163 6908 5773 2845
164 4324 5940 9475
165 24 5483 1304
166 3352 5028 8071
167 7729 6998 3668
168 2623 5657 4263
169 2159 3152 2885
170 8498 3705 1280
171 7295 9061 6764
172 3261 791 7290
173 5817 2721 3252
174 1664 327 6550
175 1691 6108 5638
176 7602 8571 2978
177 5453 9548 410
178 3616 9830 3840
179 4628 6640 9773
180 5666 441 9458
181 6273 3343 3931
182 1095 6200 1232
183 1807 6495 4067
184 1132 6266 4333
185 8969 2597 959
186 3216 7740 6831
187 9350 5366 2599
188 8177 5897 1270
189 2190 4201 7074
190 817 9806 5012
191 5524 5401 8679
192 8400 6274 8440
193 5775 6029 4692
194 8841 2442 8543
195 7725 4394 2865
196 6174 6935 7134
197 7384 6904 1549
198 3320 1827 8498
199 2203 6788 528
200 5086 4156 3648
201 7646 8144 865
202 6662 4196 8120
203 6105 5309 1939
204 4410 5679 1408
205 7539 9738 8320
206 9951 557 5002
207 7342 2129 6834
208 5778 488 7477
209 650 6926 2626
210 5356 3820 6214
211 3199 375 6750
212 3628 615 8441
213 9641 1224 7216
214 1702 924 8765
215 4992 1360 9228
216 625 800 4860
217 5218 4806 6086
218 6962 2818 6043
219 2854 7048 1230
220 9264 3261 7428
221 7146 4233 6768
222 9145 9035 9972
223 5122 9930 1896
224 1463 3995 161
225 9841 6872 5745
226 4827 5438 6990
227 6326 6792 9745
228 8198 8524 9401
229 5456 9830 1827
230 722 5570 2370
231 4213 9464 8743
232 3436 5945 3531
233 2104 8798 8477
234 9976 2414 6786
235 6546 1528 2887
236 6270 8478 6638
237 7029 9492 8007
238 521 7004 450
239 1594 7011 2207
240 8039 2351 7816
241 696 8530 6257
242 9796 2810 4211
243 8934 1423 2364
244 6924 2989 7281
245 6159 4858 6522
246 8729 8178 1022
247 9896 2024 2608
248 2815 4036 3209
249 8649 5269 9732
250 7621 9105 4352
251 6114 3529 9247
252 2641 4812 8949
253 6630 328 2873
254 6484 8310 9756
255 9070 2947 8422
256 4114 9913 4140
257 5040 8502 3622
258 9843 4883 4096
259 3908 9754 1348
260 5286 2765 3089
261 7753 6908 9379
262 8463 8805 9930
263 7398 8456 5903
264 4138 9305 9340
265 627 4198 4049
266 4289 7343 9141
267 5245 7690 5079
268 7155 9967 8657
269 6694 6543 3292
270 6655 2019 5831
271 7297 3254 7346
272 8730 4035 2994
273 5368 9102 372
274 3833 1690 7341
275 7048 7506 4421
276 1399 5663 1211
277 9590 9108 7933
278 5234 7896 7014
279 424 2152 2127
280 3388 3258 5283
281 9526 398 1623
282 8709 1527 3093
283 2894 1999 9167
284 8315 7173 7426
285 6776 5235 4984
286 4791 6054 8981
287 308 9871 4673
288 1630 45 4849
289 7266 9468 3227
290 4050 384 5711
291 5679 8436 1178
292 6130 6627 9152
293 4183 1639 8219
294 4254 8649 1664
295 8297 843 1317
296 2063 8557 6145
297 5115 5999 6441
298 531 8547 5461
299 6947 1351 1707
300 4154 7426 9447
301 4648 3557 3637
302 3407 1800 3113
303 1019 8366 4393
304 1343 6542 5029
305 144 4870 2167
306 2394 2520 5482
307 3328 4458 6421
308 3343 1584 5311
309 7089 2239 1763
310 4230 8995 833
311 7570 7030 6585
312 3612 13 9002
313 7601 362 3794
314 3049 9330 7949
315 9930 5151 926
316 8107 2537 7759
317 5090 8466 7373
318 9965 6938 2829
319 4582 9893 6416
320 3724 3384 8339
321 1855 5579 4449
322 5915 2892 5527
323 3606 5953 37
324 3166 5090 9415
325 7603 2607 34
326 9138 5535 7032
327 6033 295 214
328 3160 9308 3289
329 7465 8975 6876
330 8949 6006 9733
331 3576 8600 5520
332 4340 4401 2111
333 7615 1817 4610
334 4532 8346 7378
335 8583 2408 4457
336 5893 9471 2984
337 2877 3933 1212
338 1482 918 245
339 722 6539 800
340 2223 4068 9319
341 1008 4719 100
342 9638 8931 2888
343 281 8204 8674
344 9417 979 7933
345 886 8812 2568
346 2983 9165 174
347 5893 1346 1565
348 7892 500 3588
349 51 9479 9424
350 9984 6991 5619
351 9999 3465 716
352 8463 4465 3855
353 3291 7591 7362
354 4326 2816 989
355 7656 4113 5450
356 7956 123 2606
357 8054 5480 9147
358 6635 9118 2060
359 5569 9357 6184
360 7169 1766 1669
361 4450 5538 1289
362 3721 3224 957
363 2439 4681 6111
364 7163 8923 6707
365 7028 2341 5036
366 1023 6205 4203
367 7261 3867 2633
368 274 3853 2448
369 3230 6819 5
370 6447 1980 7736
371 4772 7351 9726
372 1214 479 6333
373 7228 7150 7104
374 5594 1109 5235
375 1014 4723 8185
376 474 5426 2691
377 3345 1254 4285
378 2067 4615 1060
379 1973 1850 3970
380 9639 3159 309
381 3365 4552 5642
382 8985 5581 2802
383 6745 7506 6622
384 1738 8062 1137
385 9133 3853 7152
386 6444 3701 3054
387 5877 2881 8314
388 6907 1957 533
389 7319 6809 2509
390 8068 6238 2359
391 9913 2851 9514
392 301 8764 5934
393 5428 7849 6899
394 1246 6811 5493
395 309 3870 8670
396 4364 3587 2145
397 4777 6790 9427
398 9564 3342 8094
399 6285 5951 9935
400 1462 8817 891
401 7082 4015 2513
402 7988 6609 7482
403 15 8438 6198
404 6617 4500 3028
405 5285 5592 7785
406 7832 7720 3396
407 1944 1264 763
408 5405 7296 1063
409 6667 1245 9755
410 143 7773 4105
411 2152 3777 8000
412 3336 1120 6282
413 9903 7996 909
414 6449 8297 8710
415 8387 597 9716
416 6246 6464 7879
417 451 5983 6650
418 6724 6385 9947
419 118 9211 1332
420 3846 3103 3917
421 6892 7006 1234
422 6053 3679 7560
423 3387 140 6379
424 8385 4818 957
425 7635 9634 1521
426 6545 6533 5816
427 9815 600 4953
428 3465 2394 39
429 5275 9820 9356
430 3263 4901 7011
431 6938 8778 9158
432 3068 754 6263
433 7972 2178 6406
434 7383 7610 7977
435 8517 1957 3659
436 7652 2289 9763
437 2463 877 9723
438 3193 4623 3840
439 794 7818 6916
440 7172 7846 9880
441 8369 9101 6666
442 4773 6036 1851
443 7381 2517 5539
444 7288 6090 9483
445 6839 9768 5579
446 4977 6696 1809
447 1129 1287 2991
448 7973 2532 3156
449 9828 8723 266
450 2167 8172 6317
451 2515 6285 2512
452 5168 6343 342
453 9496 7074 5796
454 7134 8753 6753
455 9262 2139 644
456 2574 5176 7398
457 3894 9742 5321
458 3680 1448 4811
459 6030 7629 2212
460 7222 669 8495
461 7729 6846 5266
462 4158 5552 7456
463 5996 1150 9460
464 8329 2351 212
465 2957 9148 2921
466 2678 6227 1507
467 2138 5772 8775
468 67 5718 2440
469 8293 6461 7650
470 4555 5529 5469
471 6357 9294 7798
472 2635 7426 7489
473 9731 2786 9112
474 7510 6323 1874
475 5142 1287 5096
476 8651 6565 6572
477 3725 682 8977
478 5301 8428 997
479 7685 1004 4713
480 8420 3937 2654
481 8828 2954 1326
482 6493 8777 9948
483 3280 2817 3546
484 978 706 1817
485 2106 8154 229
486 8941 6441 4249
487 5689 2321 3044
488 1321 7108 9011
489 9485 9575 912
490 6505 3724 7004
491 9653 4890 3114
492 1315 9956 5852
493 5911 5377 893
494 9529 556 3430
495 9490 1708 1495
496 4891 4358 7194
497 7045 2872 320
498 167 4999 3831
499 1512 6999 7061
500 8393 3202 1715
501 6820 9761 8173
502 7468 6476 4304
503 6924 5638 5302
504 7029 8543 7382
505 9331 1175 8467
506 9516 1128 8173
507 9084 907 9493
508 5347 1612 4220
509 3739 5999 1166
510 9161 4368 8608
511 465 9230 2129
512 9308 5400 1908
513 6786 8789 397
514 1808 6498 5133
515 3076 8127 2908
516 282 1643 1751
517 1901 690 1855
518 5874 6053 3298
519 4677 3251 6123
520 3046 1322 1936
521 6828 5381 3790
522 490 5437 7508
523 1978 7900 8336
524 169 2549 227
525 2468 9799 6725
526 3123 6949 9745
527 8748 3335 635
528 2227 5223 2147
529 307 2528 5219
530 9728 5120 7006
531 1220 9756 3414
532 951 1330 9575
533 7466 3870 6656
534 7224 9498 5784
535 1437 1923 186
536 3619 9801 4720
537 3336 1913 1937
538 3010 5858 2451
539 6590 4828 1601
540 2615 5790 7504
541 1858 1504 4057
542 4195 9584 1133
543 6185 638 2258
544 3240 2907 933
545 7261 6859 7065
546 934 8275 7557
547 848 7058 618
548 5491 1938 393
549 6368 2554 5539
550 534 4957 2129
551 8309 898 4036
552 4852 4070 8198
553 9204 3046 7625
554 6035 3311 7233
555 2942 9820 1702
556 9542 9621 1156
557 7088 6999 7048
558 2415 1755 1891
559 9562 2091 9042
560 1134 4373 1465
561 2052 1857 1198
562 1402 821 6661
563 4958 8083 6357
564 3115 9481 3358
565 2187 6673 2512
566 5656 7651 727
567 3464 9229 8356
568 9926 7715 8791
569 3692 9043 3866
570 7670 8279 3377
571 6299 7576 2411
572 7098 4426 924
573 5136 8216 9781
574 2889 98 5010
575 2135 1541 8615
576 6482 9514 9984
577 8426 2193 8140
578 2316 1347 4315
579 7303 7339 2065
580 7690 2324 1290
581 9383 2707 3766
582 6189 6669 2529
583 8034 1732 1002
584 1535 3175 3067
585 5154 7383 839
586 1906 2761 363
587 4690 308 1505
588 939 103 3793
589 6512 7445 5068
590 5302 9828 23
591 3030 6834 2634
592 3745 2988 5222
593 3055 5995 5672
594 9811 3994 5543
595 1125 574 5721
596 68 1635 2143
597 8630 148 9978
598 9562 6389 9819
599 8635 1910 4182
600 5376 9152 7625
601 4998 9897 6541
602 1682 9028 5206
603 2577 1457 9761
604 8141 699 7335
605 4079 2252 3839
606 4490 5777 7217
607 3642 3160 5869
608 7661 9158 666
609 3016 8239 830
610 1576 4476 1232
611 3207 8650 7255
612 7486 9824 4578
613 8402 4467 4781
614 9095 3017 3849
615 7248 9364 440
616 2557 3519 2563
617 2032 8137 5456
618 6330 91 6939
619 8153 1619 28
620 617 4932 2460
621 9858 5143 2662
622 8650 6154 6635
623 6349 1448 3835
624 7628 1303 4513
625 5349 4183 7970
626 2781 1977 3765
627 162 2855 719
628 6856 5834 3353
629 7126 8447 2130
630 7862 1806 9253
631 7379 5314 182
632 6952 9940 8718
633 164 8714 9277
634 6747 9604 4080
635 2520 7122 2345
636 2448 6707 3335
637 2959 8489 8709
638 2474 7646 601
639 7559 5141 8197
640 523 9797 3072
641 7143 8759 6784
642 415 1562 3583
643 4972 5505 1879
644 9264 6093 3487
645 3745 2329 7958
646 8949 109 4672
647 3170 6168 4934
648 7263 147 1115
649 4676 1244 8255
650 9284 4720 706
651 8565 2109 2314
652 1162 1416 2843
653 4204 6844 9882
654 1294 6263 9197
655 5226 1459 6774
656 813 9487 255
657 8077 9959 1404
658 6588 5676 7735
659 8000 2408 4540
660 6077 5882 3828
661 3934 3635 6497
662 204 1083 6164
663 9590 4833 2924
664 8183 592 7103
665 9617 3093 425
666 8864 4186 3475
667 1889 4109 7313
668 5051 4292 7689
669 3652 8727 3578
670 2284 3074 9486
671 6548 5383 230
672 3131 5809 4635
673 6561 9487 343
674 4748 6456 3070
675 4147 5532 33
676 7680 488 7513
677 7471 102 9107
678 322 3343 5597
679 2718 6975 1758
680 6830 8691 8
681 4227 8683 4224
682 2260 9173 2736
683 2960 9465 1092
684 9353 4977 9466
685 9574 1702 9750
686 1655 3028 3199
687 9255 51 7050
688 9947 4161 2287
689 7525 1803 7913
690 447 7481 6376
691 3502 3685 1595
692 2585 2614 7636
693 3946 2208 7405
694 2766 2003 2783
695 7622 8394 2977
696 2196 6532 1394
697 3289 9489 730
698 8765 5376 8506
699 9111 6850 3883
700 3475 3804 6544
701 9402 1795 9968
702 3967 8678 3368
703 589 94 7640
704 3223 1841 3303
705 5544 4413 6729
706 4671 7243 6592
707 3900 496 893
708 3309 8533 6211
709 6023 5465 9400
710 369 7927 1197
711 5133 425 6206
712 1018 357 4570
713 7594 3204 6106
714 2616 2882 7651
715 4382 9354 3782
716 7403 7540 8207
717 6285 8654 229
718 40 4534 9138
719 5987 8748 2738
720 9942 8818 3210
721 1340 8044 9169
722 8684 151 3026
723 8359 5147 2787
724 8036 9430 3573
725 8326 3956 1163
726 1961 8182 2133
727 9727 2043 4579
728 8525 6597 6760
729 4093 8206 1308
730 418 7170 7181
731 3474 5536 6381
732 483 8794 8520
733 4807 4560 1529
734 6538 7997 489
735 6873 3136 5817
736 8263 2577 1398
737 4835 5054 6966
738 1417 3858 9278
739 9727 1078 3597
740 850 2362 5936
741 5855 182 6753
742 585 8961 1446
743 6294 4735 2791
744 4420 1341 6456
745 6088 3784 1096
746 6262 1568 9958
747 6019 3045 4781
748 2938 517 3663
749 9355 9428 9293
750 6397 9061 3655
751 6667 660 5205
752 2113 2718 6816
753 5346 8648 3008
754 2378 7939 6024
755 2646 599 3718
756 7776 7941 3150
757 5071 6749 4670
758 4464 6717 2151
759 2207 2290 4626
760 285 154 2529
761 4031 2144 800
762 2757 6764 1112
763 1284 2523 9461
764 1347 3069 3645
765 4615 501 7652
766 7936 1840 2379
767 7206 4123 5794
768 7183 8631 5209
769 3025 6773 3471
770 8776 6400 9355
771 5697 684 7087
772 8604 5845 277
773 5822 8770 2442
774 4615 2826 8462
775 6201 7159 4515
776 3888 764 3431
777 5540 1988 5934
778 7655 1650 43
779 3279 7056 4402
780 3284 2919 2402
781 6092 9610 9767
782 3099 6277 3638
783 1612 7913 635
784 3233 7389 9045
785 3699 4818 2495
786 8667 548 6928
787 6790 102 2194
788 701 6056 6705
789 4289 9354 6228
790 1652 7796 5418
791 651 6991 9981
792 8608 8650 9209
793 7923 9257 54
794 9612 3491 8124
795 3392 5247 4916
796 8462 8230 4889
797 8981 2906 4743
798 4858 2297 1178
799 6945 7069 2045
800 6598 412 9354
801 7088 929 9394
802 5810 7615 1582
803 1800 8923 8098
804 6310 1657 2919
805 8328 4105 9084
806 961 7933 8708
807 9437 3021 1912
808 441 4456 5548
809 5880 5962 545
810 1079 127 1933
811 4270 8060 1677
812 1781 3185 5830
813 7483 5172 7132
814 7626 7944 8464
815 9633 8658 4095
816 4540 1397 7593
817 5167 1786 6272
818 128 9613 2349
819 3854 4247 8615
820 5932 6827 2789
821 9801 6802 8459
822 4565 346 5892
823 2842 9153 8910
824 2032 2391 983
825 9490 1218 3935
826 7934 3330 6362
827 9285 5095 5527
828 8205 3282 3665
829 2256 6194 7063
830 4584 2456 8185
831 9930 4863 5279
832 5214 6721 7922
833 480 9666 1765
834 7160 2828 8701
835 5983 2679 3919
836 345 2034 2128
837 3582 9695 8526
838 2364 2490 9077
839 3860 5467 323
840 7548 6950 7853
841 6309 2232 9103
842 6111 7208 8934
843 8543 3656 1003
844 4730 782 8786
845 7725 5775 451
846 7686 3103 180
847 8346 9390 1226
848 9778 8923 2351
849 1605 782 2463
850 6069 1874 3732
851 8147 9308 7046
852 5460 6862 6586
853 7463 2760 8269
854 6738 4324 6245
855 7656 3806 4851
856 5015 9169 895
857 5273 6756 5740
858 874 1068 620
859 7145 3704 2567
860 5221 2229 9324
861 5926 9576 2040
862 571 7985 3442
863 424 9934 5578
864 2635 4398 7446
865 5583 1467 5354
866 4804 6526 9877
867 1136 1952 7782
868 2598 1747 9432
869 3522 1946 3136
870 9363 5582 1253
871 1212 8298 4663
872 1082 8278 6024
873 6010 7411 1958
874 7461 5791 5774
875 431 7374 2907
876 5536 7227 4326
877 3338 8684 151
878 7192 4162 8270
879 7151 3115 5401
880 625 8730 1118
881 6586 1907 5501
882 84 3377 5420
883 9133 2674 1331
884 3151 5881 4687
885 7126 5464 4489
886 6534 5070 9261
887 8862 6870 6755
888 4374 2349 5073
889 7094 9975 1030
890 1638 8826 8249
891 4450 7709 5355
892 5603 2934 5174
893 9763 7463 1120
894 646 3687 760
895 6294 267 7682
896 9106 4207 4349
897 9654 8154 811
898 5196 9745 3844
899 5078 8908 5338
900 344 359 1694
901 8658 5163 6578
902 4511 7184 3748
903 3701 6254 3184
904 929 2325 9272
905 8810 8823 3664
906 7656 641 4477
907 6559 6398 8536
908 7522 9190 9079
909 7514 3401 9745
910 9907 5878 1472
911 132 7468 5317
912 8233 1761 6509
913 4953 6807 1880
914 1664 1941 9019
915 1905 6818 6815
916 768 1415 3409
917 5391 363 2721
918 4889 7214 4887
919 6100 2570 7324
920 4103 3813 7367
921 2315 1985 754
922 4285 7071 4377
923 5194 8607 168
924 8189 3938 5950
925 1703 2761 9663
926 7268 5063 9849
927 1066 249 8589
928 6366 990 4773
929 1692 5923 6224
930 8088 9915 4642
931 7220 1735 2939
932 7390 9400 2104
933 55 1 8319
934 1834 9905 4289
935 7210 701 3956
936 8601 110 2806
937 2175 4097 1172
938 4287 5720 2634
939 4882 8072 2613
940 9756 8576 4139
941 43 3717 2976
942 1485 8405 6058
943 259 322 1108
944 1195 2082 9753
945 6330 6060 8593
946 8504 5291 1799
947 6378 8134 4997
948 643 490 8209
949 150 2654 9374
950 5642 5649 3943
951 8741 113 3865
952 595 9618 4788
953 3046 8583 7825
954 3477 189 6697
955 2614 6555 5311
956 993 5117 673
957 3602 9232 2830
958 7596 3093 7415
959 2331 10 6127
960 8080 5833 6905
961 7217 664 1191
962 767 727 1782
963 5377 5915 8868
964 3111 3725 3634
965 137 3069 7652
966 3208 6986 4708
967 5311 5134 3774
968 4355 8421 4678
969 503 9835 8944
970 1589 9427 8723
971 2952 1055 5994
972 4478 808 5835
973 6895 5668 9067
974 8548 2207 2836
975 1776 8468 4977
976 26 1122 4752
977 5480 4591 7888
978 3175 8354 6443
979 1610 9782 8216
980 9361 9283 9247
981 4394 5840 4590
982 7134 6116 2337
983 3655 9154 3973
984 2807 9741 5957
985 6452 8015 4763
986 6017 2790 7593
987 1820 7338 3265
988 4269 2419 9586
989 8811 7168 4322
990 449 8424 9966
991 8053 2394 4029
992 5900 1348 6683
993 9949 4198 2959
994 3082 3762 4665
995 6325 3475 756
996 920 2383 6891
997 9509 6496 6291
998 3143 3052 3031
999 776 6880 971
1000 6042 958 8585
1001 8187 12 12
1002 3948 -1 -67
1003 4255 52 18
1004 409 -7 -44
1005 3991 73 74
1006 7959 -79 -11
1007 7920 6 15
1008 5664 -80 -29
1009 6978 54 88
1010 2103 -89 -37
1011 8874 67 30
1012 926 -73 -48
1013 3846 10 49
1014 5753 -5 -69
1015 9574 17 54
1016 9673 -89 -63
1017 1724 30 3
1018 5331 -23 -57
1019 657 99 17
1020 7466 -10 -44
1021 1818 52 56
1022 3428 -55 -24
1023 1132 71 15
1024 2191 -19 -2
1025 7775 80 85
1026 9430 -17 -76
1027 5436 57 90
1028 4634 -48 -68
1029 1811 49 45
1030 1500 -41 -94
1031 8272 42 90
1032 1850 -21 0
1033 1049 25 95
1034 2918 -55 -78
1035 6922 71 23
1036 9393 -10 -61
1037 8617 39 76
1038 2348 -27 -6
1039 3474 49 13
1040 2121 -1 -74
1041 700 8 39
1042 5890 -85 -68
1043 4684 42 55
1044 2228 -62 -24
1045 378 81 1
1046 5785 0 -10
1047 6594 77 40
1048 1864 -59 -90
1049 3852 16 75
1050 3720 -74 -51
1051 7564 51 68
1052 2167 -16 -79
1053 7152 69 1
1054 6282 -47 -40
1055 69 77 64
1056 6480 -66 -93
1057 4074 84 96
1058 9412 -27 -85
1059 6005 53 40
1060 8806 -79 -22
1061 2324 92 53
1062 8102 -86 -36
1063 2104 85 11
1064 9321 -51 -85
1065 1291 55 22
1066 8323 -2 -84
1067 2474 44 28
1068 7444 -2 -27
1069 1564 31 58
1070 1678 -2 -12
1071 4637 41 59
1072 4969 -82 -53
1073 1556 59 42
1074 7575 -47 -38
1075 8189 31 13
1076 8797 -76 -43
1077 3330 83 99
1078 9998 -18 -27
1079 5975 20 53
1080 7480 -18 -53
1081 1251 56 25
1082 9461 -16 -98
1083 9327 61 42
1084 8867 -88 -14
1085 7843 0 43
1086 1226 -8 -22
1087 6225 79 78
1088 219 -57 -8
1089 6266 97 53
1090 566 -73 -71
1091 8009 87 40
1092 3662 -48 -71
1093 6511 60 50
1094 3063 -98 -9
1095 3437 26 73
1096 2468 -83 -47
1097 3298 89 41
1098 3061 -83 -82
1099 6682 6 68
1100 8613 -83 -9
1101 4297 4 65
1102 5481 -12 -5
1103 6715 94 31
1104 4050 -1 -59
1105 7848 79 11
1106 8011 -18 -5
1107 2111 93 6
1108 7131 -76 -5
1109 7974 48 99
1110 8334 -88 -46
1111 3698 46 30
1112 942 -49 -84
1113 3942 33 13
1114 5948 -86 -19
1115 2053 0 62
1116 8588 -11 -35
1117 9831 85 36
1118 1662 -52 -55
1119 9366 53 0
1120 2515 -81 -98
1121 2458 54 22
1122 7178 -42 -69
1123 8132 60 27
1124 9945 -21 -63
1125 141 29 28
1126 4389 -75 -26
1127 3911 92 7
1128 5884 -29 -59
1129 6488 75 91
1130 6613 -25 -58
1131 7491 89 90
1132 4429 -66 -95
1133 4908 38 71
1134 2001 -16 -10
1135 9725 23 23
1136 3709 -40 -78
1137 542 30 48
1138 7364 -50 -96
1139 1588 75 70
1140 5318 -80 -9
1141 7185 4 51
1142 2659 -65 -46
1143 7925 40 90
1144 4065 -10 -62
1145 2977 1 88
1146 152 -89 -49
1147 3076 53 23
1148 1159 -14 -96
1149 1083 35 62
1150 3918 -41 -72
1151 4072 58 84
1152 8153 -30 -8
1153 5016 71 60
1154 7644 -16 -81
1155 9709 85 52
1156 8092 -26 -76
1157 4958 53 65
1158 1264 -64 -86
1159 1120 96 25
1160 5178 -70 -19
1161 5820 9 50
1162 4179 -59 -71
1163 3226 43 24
1164 7665 -39 -43
1165 8272 83 90
1166 268 -25 -50
1167 805 62 45
1168 9834 -87 -43
1169 2319 39 76
1170 4621 -68 -76
1171 6292 19 87
1172 5433 -87 -16
1173 1838 69 93
1174 310 -41 -61
1175 7505 26 9
1176 8840 -99 -72
1177 9752 86 26
1178 6227 -31 -69
1179 5314 17 34
1180 5069 -41 -57
1181 4686 6 11
1182 6849 -99 -64
1183 7484 55 60
1184 5438 -9 -48
1185 5072 45 91
1186 6931 -49 -60
1187 6178 77 20
1188 9329 -56 -78
1189 9831 76 92
1190 5510 -98 -36
1191 1441 57 80
1192 3883 -60 -57
1193 6570 73 70
1194 2110 -59 -27
1195 3346 75 42
1196 8103 -81 -36
1197 9056 47 70
1198 6519 -86 -80
1199 8418 93 34
1200 8701 -43 -94
1201 5864 22 0
1202 6654 -82 -18
1203 360 35 81
1204 5630 -8 -48
1205 4061 74 91
1206 6389 -42 -52
1207 8805 44 69
1208 318 -7 -15
1209 6051 15 8
1210 8290 -92 -64
1211 423 85 90
1212 2444 -55 -43
1213 2990 5 98
1214 9588 -10 -47
1215 6720 58 50
1216 1630 -64 -77
1217 5994 73 72
1218 617 -40 -94
1219 4514 17 99
1220 4417 -91 -53
1221 4143 39 95
1222 209 -65 -79
1223 2034 86 73
1224 8947 -84 -95
1225 3623 68 81
1226 3178 -20 -42
1227 4243 89 72
1228 3187 -7 -92
1229 4880 24 56
1230 220 -35 -98
1231 8772 63 89
1232 9819 -64 -26
1233 6053 31 7
1234 1373 -43 -82
1235 6701 50 29
1236 2610 -31 -21
1237 6631 48 8
1238 2848 -18 -69
1239 2037 11 22
1240 6841 -77 -84
1241 6387 12 8
1242 9476 -36 -43
1243 6403 22 27
1244 8365 -93 -60
1245 6489 61 62
1246 2976 -13 -51
1247 4129 14 68
1248 3032 -10 -43
1249 4574 3 91
1250 4673 -95 -68
1251 323 17 82
1252 9627 -3 -49
1253 7943 81 40
1254 3446 -13 -52
1255 7146 84 76
1256 8582 -2 -36
1257 3414 37 29
1258 2845 -2 -60
1259 1045 34 71
1260 3146 -69 -92
1261 875 49 32
1262 1154 -62 -86
1263 9885 21 83
1264 3759 -45 -99
1265 214 50 39
1266 7709 -58 -85
1267 133 43 34
1268 704 -29 -68
1269 6112 61 0
1270 9493 -92 -82
1271 7080 99 62
1272 789 -38 -99
1273 4563 21 34
1274 3308 -4 -43
1275 5303 61 78
1276 9412 -8 -77
1277 8074 73 11
1278 4031 -5 -48
1279 7711 85 47
1280 4302 -46 -20
1281 8843 80 76
1282 3310 0 -12
1283 9594 82 19
1284 8685 -88 -78
1285 4099 87 27
1286 7111 -21 -31
1287 3285 21 65
1288 4 -69 -58
1289 7693 29 84
1290 1932 -88 -43
1291 6856 8 68
1292 17 -62 -25
1293 2375 19 41
1294 6801 -5 -56
1295 6261 32 87
1296 2238 -51 -33
1297 2716 77 67
1298 8108 -44 -90
1299 3408 81 54
1300 8344 -8 -73
1301 1629 32 30
1302 5307 -94 -84
1303 142 7 77
1304 1988 -50 -17
1305 9451 71 56
1306 8854 -11 -24
1307 6242 0 46
1308 6580 -61 -27
1309 251 98 57
1310 8603 -93 -17
1311 7108 88 85
1312 8473 -34 -18
1313 4762 52 52
1314 8433 -38 -35
1315 6074 13 9
1316 5306 -79 -78
1317 4555 26 18
1318 8023 -17 -76
1319 3425 45 91
1320 1391 -74 -22
1321 4362 72 2
1322 9030 -40 -49
1323 3816 44 11
1324 1418 -19 -67
1325 3669 68 53
1326 5448 -88 -59
1327 4926 83 91
1328 6740 -22 -52
1329 4874 55 27
1330 9725 -55 -60
1331 7882 80 29
1332 6127 -61 -17
1333 8053 94 11
1334 3188 -13 -19
1335 5967 29 69
1336 7417 -41 -62
1337 4328 5 88
1338 8846 -85 -29
1339 5427 29 38
1340 1859 -96 -71
1341 3879 14 72
1342 4627 -8 -98
1343 5195 38 86
1344 1033 -77 -39
1345 9798 96 77
1346 5665 -81 -5
1347 1022 88 2
1348 3859 -53 -44
1349 8497 68 48
1350 7919 -40 -40
1351 7088 69 48
1352 4193 -8 -34
1353 2789 77 74
1354 9344 -86 -87
1355 1930 71 96
1356 2634 -16 -12
1357 4286 28 72
1358 5809 -2 -87
1359 5758 3 63
1360 7730 -74 -70
1361 7131 15 14
1362 5392 -56 -90
1363 3377 98 65
1364 7163 -33 -99
1365 247 30 90
1366 2314 -95 -89
1367 8496 47 63
1368 7302 -15 -93
1369 6524 77 84
1370 9261 -49 -94
1371 9133 72 14
1372 7633 -37 -16
1373 7574 33 48
1374 3463 -14 -27
1375 6116 12 32
1376 6745 -53 -24
1377 5593 36 99
1378 2774 -47 -2
1379 6326 29 81
1380 2189 -29 -48
1381 8084 86 4
1382 6066 -12 -20
1383 6476 99 43
1384 8148 -2 -83
1385 7411 84 64
1386 1420 -28 -48
1387 5879 0 16
1388 7804 -21 -8
1389 5212 18 27
1390 7956 -12 -1
1391 7843 90 85
1392 3358 -31 -5
1393 809 9 74
1394 6868 -98 -20
1395 1448 36 84
1396 3719 -28 -71
1397 7776 29 23
1398 117 -74 -82
1399 4909 72 67
1400 8735 -1 -52
1401 1591 4 73
1402 6224 -96 -62
1403 9159 43 95
1404 4270 -12 -20
1405 3284 76 13
1406 9063 -4 -64
1407 1439 91 13
1408 7919 -77 -38
1409 8192 25 23
1410 4646 -95 -62
1411 1957 45 58
1412 4452 -2 -97
1413 4507 22 83
1414 8313 -49 -92
1415 5576 23 66
1416 4298 -45 -13
1417 5884 36 51
1418 4177 -21 -94
1419 5157 86 64
1420 8136 -6 -53
1421 268 33 37
1422 9330 -52 -28
1423 4261 52 32
1424 1698 -21 -18
1425 7970 74 26
1426 8743 -34 -69
1427 8267 20 57
1428 2439 -62 -35
1429 3479 31 75
1430 7442 -48 -10
1431 9070 81 60
1432 64 -24 -51
1433 5391 39 61
1434 2836 -63 -36
1435 1170 60 33
1436 452 -32 -40
1437 6656 49 16
1438 7948 -95 -78
1439 3792 56 14
1440 9828 -64 -55
1441 1376 61 66
1442 9511 -81 -62
1443 3928 5 89
1444 6453 -92 -18
1445 1679 96 58
1446 5257 -52 -18
1447 7578 89 33
1448 5550 -39 -88
1449 1404 19 99
1450 6921 -27 -9
1451 8176 84 20
1452 4355 -8 -24
1453 872 78 98
1454 367 -49 -69
1455 3481 48 29
1456 492 -34 -34
1457 9824 91 78
1458 989 -56 -84
1459 8934 49 3
1460 1740 -46 -74
1461 778 66 26
1462 5745 -41 -21
1463 7295 71 78
1464 4241 -12 -86
1465 4923 81 54
1466 1094 0 -64
1467 4347 80 31
1468 1150 -78 -35
1469 7750 47 76
1470 6312 -54 -32
1471 8567 4 85
1472 1041 -13 -25
1473 8876 69 99
1474 5011 -46 -4
1475 5511 56 42
1476 5953 -68 -27
1477 8781 62 9
1478 3734 -26 -70
1479 4873 22 17
1480 3238 -84 -11
1481 2137 24 1
1482 8380 -88 -68
1483 8584 3 10
1484 6856 -42 -90
1485 6711 41 70
1486 3046 -56 -32
1487 4945 64 27
1488 216 -9 -69
1489 1685 73 80
1490 2128 -13 -92
1491 4457 31 59
1492 4931 -86 -99
1493 9607 60 84
1494 2706 -67 -11
1495 2440 70 28
1496 592 -69 -30
1497 1673 39 45
1498 3941 -97 -8
1499 6755 56 24
1500 6048 -14 -32
1501 1348 97 15
1502 7772 -9 -83
1503 8647 65 12
1504 2777 -32 -93
1505 7666 35 42
1506 7279 -45 -33
1507 5703 71 72
1508 5043 -28 -18
1509 1826 39 93
1510 557 -86 -39
1511 944 18 29
1512 5249 -76 -15
1513 3541 89 8
1514 9244 -94 -39
1515 3991 74 50
1516 6427 -47 -46
1517 6786 73 5
1518 3470 -10 -13
1519 3343 47 16
1520 418 -36 -1
1521 7893 65 35
1522 7267 -15 -60
1523 5546 48 67
1524 9309 -47 -35
1525 5766 97 77
1526 7020 -66 -59
1527 4929 19 90
1528 3306 -5 -29
1529 7085 93 76
1530 3071 -63 -78
1531 7159 9 95
1532 4482 -60 -14
1533 5823 87 24
1534 8368 -18 -11
1535 6801 49 49
1536 885 -18 -77
1537 8064 26 20
1538 8603 -51 -35
1539 5847 43 34
1540 231 -38 -39
1541 4900 43 19
1542 2684 -94 -57
1543 2718 47 44
1544 9239 0 -45
1545 1385 85 61
1546 3836 -63 -76
1547 5250 10 59
1548 3382 -40 -98
1549 6369 36 81
1550 8959 -92 -82
1551 8618 41 70
1552 1379 -86 -71
1553 1203 70 76
1554 4070 -34 -94
1555 7910 12 37
1556 6245 -47 -4
1557 8606 51 39
1558 2985 -75 -64
1559 2169 1 41
1560 6449 -39 -44
1561 7672 59 24
1562 1757 -57 -69
1563 3811 64 58
1564 6436 -62 -23
1565 6983 24 79
1566 9625 -18 -6
1567 7831 23 89
1568 454 -58 -17
1569 234 91 17
1570 6196 -60 -34
1571 2823 5 33
1572 9189 -86 -39
1573 3637 23 10
1574 1833 -38 -79
1575 8243 43 58
1576 8849 -5 -57
1577 3580 90 81
1578 4536 -48 -68
1579 2614 14 6
1580 1046 -95 -88
1581 8689 67 75
1582 5019 -89 -65
1583 8955 86 90
1584 5417 -81 -31
1585 2255 91 15
1586 6605 -10 -50
1587 7155 30 24
1588 2938 -53 -11
1589 600 43 90
1590 5555 -41 -98
1591 7172 85 13
1592 6340 -94 -95
1593 5560 76 46
1594 5101 -87 -85
1595 9256 93 22
1596 9602 -27 -45
1597 1936 35 7
1598 6874 -25 -55
1599 8405 79 87
1600 1425 -29 -94
1601 2386 93 53
1602 3505 -58 -19
1603 911 89 96
1604 6615 -54 -79
1605 3020 97 7
1606 2873 -21 -59
1607 3608 12 96
1608 2478 -37 -72
1609 8826 27 54
1610 8435 -2 -95
1611 2036 35 91
1612 6826 -46 -31
1613 6320 30 12
1614 2532 -14 -65
1615 2958 72 69
1616 3220 -16 -14
1617 460 89 62
1618 773 -35 -83
1619 3039 19 43
1620 9735 -21 -60
1621 6954 34 84
1622 936 -19 -2
1623 2 80 88
1624 51 -6 -10
1625 1244 87 81
1626 2305 -73 -4
1627 7778 46 79
1628 1191 -79 -48
1629 3565 16 5
1630 108 -77 -69
1631 7117 73 9
1632 5155 -7 -47
1633 1105 70 97
1634 9972 -43 -61
1635 6146 85 25
1636 9275 -47 -15
1637 6798 61 83
1638 5890 -28 -76
1639 8482 91 82
1640 4115 -4 -94
1641 2561 85 68
1642 4799 -89 -11
1643 987 22 89
1644 7440 -9 -8
1645 1693 1 17
1646 1019 -16 -73
1647 7297 68 59
1648 5871 -84 -83
1649 3785 1 19
1650 7743 -61 -96
1651 727 17 90
1652 8476 -95 -64
1653 6561 75 78
1654 9162 -62 -42
1655 2777 64 85
1656 4489 -68 -95
1657 2333 68 90
1658 1996 -70 -56
1659 1397 39 75
1660 3578 -42 -12
1661 500 22 60
1662 9020 -70 -98
1663 7115 82 63
1664 4750 -72 -97
1665 5954 9 65
1666 6387 -63 -47
1667 3890 16 80
1668 6207 -6 -38
1669 8524 90 31
1670 4556 -15 -30
1671 3789 64 7
1672 446 -8 -1
1673 2886 13 52
1674 8210 -74 -81
1675 3508 18 51
1676 6648 -50 -98
1677 6673 19 67
1678 9576 -92 -55
1679 6898 24 77
1680 5014 -64 -77
1681 2717 78 8
1682 9036 -28 -97
1683 6783 12 25
1684 1855 -32 -54
1685 7576 48 12
1686 4238 -47 -24
1687 1340 42 73
1688 9821 -42 -67
1689 8324 49 37
1690 2254 -74 -6
1691 1439 63 60
1692 7295 -84 -83
1693 2011 73 59
1694 2557 -91 -52
1695 5504 14 72
1696 8073 -65 -97
1697 7882 31 83
1698 1201 -24 -56
1699 485 86 47
1700 1804 -22 -98
1701 3478 16 15
1702 2231 -18 -85
1703 5044 80 57
1704 2100 -20 -3
1705 4918 87 37
1706 6064 -48 -25
1707 7398 80 1
1708 8247 -49 -47
1709 9534 3 86
1710 2218 -80 -96
1711 5682 14 26
1712 5086 -58 -47
1713 85 86 97
1714 2709 -98 -24
1715 5461 84 36
1716 2935 -52 -71
1717 4610 37 97
1718 8444 -50 -36
1719 6386 86 15
1720 855 -98 -1
1721 5007 84 49
1722 1103 -98 -81
1723 2179 74 58
1724 3996 -40 -83
1725 7766 5 52
1726 547 -75 -35
1727 5532 49 99
1728 8702 -7 -49
1729 8964 75 91
1730 1082 -33 -20
1731 9670 96 83
1732 9370 -80 -93
1733 7803 46 14
1734 7884 -59 -98
1735 4294 64 96
1736 1376 -27 -59
1737 1618 29 1
1738 7384 -73 -75
1739 9322 11 48
1740 1997 -2 -29
1741 6096 97 81
1742 7443 -85 -51
1743 459 59 81
1744 8161 -91 -77
1745 5540 59 60
1746 4760 -87 -22
1747 2047 88 49
1748 8524 -87 -29
1749 6537 51 73
1750 3488 -69 -72
1751 6477 5 94
1752 5294 -95 -5
1753 5206 76 99
1754 5969 -34 -31
1755 9093 40 77
1756 1637 -22 -33
1757 5231 98 57
1758 7772 -71 -33
1759 6284 11 77
1760 5930 -55 -68
1761 1275 11 98
1762 9101 -41 -75
1763 9207 64 63
1764 6346 -72 -43
1765 8979 58 68
1766 4962 -47 -31
1767 8014 29 76
1768 1212 -12 -80
1769 3968 5 95
1770 8553 -9 -76
1771 9363 45 32
1772 2884 0 -16
1773 4211 2 49
1774 6538 -95 -61
1775 6682 93 2
1776 7523 -77 -75
1777 3649 1 68
1778 4736 -45 0
1779 9026 38 65
1780 7726 -48 -43
1781 523 27 62
1782 1901 -22 -9
1783 3328 49 32
1784 8620 -74 -67
1785 4350 39 59
1786 3870 -16 -73
1787 7983 68 18
1788 1673 -2 -92
1789 6669 36 31
1790 5769 -8 -72
1791 89 52 27
1792 9996 -18 -81
1793 2569 70 28
1794 7524 -61 -80
1795 149 18 69
1796 5953 -99 -58
1797 7435 18 57
1798 8801 -4 -36
1799 993 98 9
1800 9911 -82 -29
1801 5206 32 77
1802 6048 -85 -45
1803 7573 55 23
1804 4932 -65 -29
1805 1549 60 18
1806 9096 -79 -37
1807 658 19 43
1808 918 -8 -79
1809 8336 91 17
1810 1294 -83 -63
1811 8053 88 12
1812 5834 -19 -69
1813 5927 81 3
1814 973 -37 -68
1815 1741 38 91
1816 5594 -41 -51
1817 4189 53 26
1818 6249 -73 -18
1819 4930 40 64
1820 9018 -13 -82
1821 2594 56 30
1822 1611 -99 -99
1823 3627 1 85
1824 6622 -22 -17
1825 2376 56 54
1826 7285 -64 -67
1827 512 88 73
1828 5385 0 -69
1829 3056 39 34
1830 6741 -73 -4
1831 7661 24 85
1832 4499 -35 -4
1833 5300 12 96
1834 1748 -5 -38
1835 6779 88 23
1836 902 -16 -28
1837 5326 58 80
1838 4737 -65 -73
1839 3306 28 94
1840 3202 -80 -23
1841 321 66 33
1842 6467 -86 -59
1843 7278 51 47
1844 6952 -31 -86
1845 7159 85 2
1846 8197 -7 -82
1847 2351 13 11
1848 1691 -10 -38
1849 9565 55 22
1850 9065 0 -16
1851 3103 51 22
1852 9059 -42 -36
1853 8019 94 11
1854 4160 -35 -54
1855 2172 73 19
1856 7195 -47 -40
1857 4220 10 23
1858 5494 -96 -61
1859 5833 96 72
1860 8776 -20 -58
1861 1613 16 94
1862 653 -15 -31
1863 395 52 78
1864 1023 -12 -59
1865 2010 80 15
1866 5841 -1 -3
1867 960 3 80
1868 3877 -63 -11
1869 9280 57 27
1870 8642 -14 -91
1871 6787 56 99
1872 5567 -54 -13
1873 2624 94 20
1874 488 -67 -51
1875 9202 71 43
1876 5418 -35 -79
1877 3828 92 61
1878 7083 -46 -49
1879 8718 14 49
1880 583 -67 -56
1881 1686 62 47
1882 4758 -7 -48
1883 5005 58 63
1884 4945 -65 -53
1885 7492 15 4
1886 7482 -13 -59
1887 1630 28 16
1888 4758 -89 -40
1889 4581 32 95
1890 374 -54 -80
1891 1309 85 7
1892 553 -72 -27
1893 2338 79 14
1894 7471 -97 -63
1895 8328 75 16
1896 9531 -43 -31
1897 5449 38 86
1898 4101 -11 -13
1899 4750 39 32
1900 6481 -5 -9
1901 6157 10 98
1902 9517 -1 -38
1903 8620 66 77
1904 5158 -55 -5
1905 7658 22 0
1906 5817 -20 -29
1907 9217 87 64
1908 2815 -63 -60
1909 6065 83 47
1910 5084 -11 -45
1911 2839 7 53
1912 2601 -35 -94
1913 8155 6 20
1914 1048 -57 -76
1915 8967 16 98
1916 2962 -82 -26
1917 6503 74 68
1918 6101 -10 -8
1919 9446 13 5
1920 136 -93 -79
1921 5289 13 41
1922 1758 0 -64
1923 9721 21 59
1924 1670 -12 -40
1925 2467 64 46
1926 8065 -29 -5
1927 3147 59 52
1928 1691 -33 -94
1929 5415 49 60
1930 6763 -28 -66
1931 8103 51 3
1932 1309 -8 -76
1933 4970 8 90
1934 7458 -63 -91
1935 7900 57 24
1936 4772 -20 -75
1937 8783 53 46
1938 3276 -80 -42
1939 9974 23 34
1940 6241 -20 -84
1941 9511 64 5
1942 2855 -58 -22
1943 4573 67 71
1944 5980 -93 -16
1945 3364 41 40
1946 9593 -93 -47
1947 5383 63 46
1948 9199 -31 -13
1949 2993 45 2
1950 2769 -96 -39
1951 280 99 76
1952 1627 -2 -17
1953 1055 6 85
1954 235 -17 -27
1955 8533 50 39
1956 5264 -18 -18
1957 3511 92 77
1958 170 -62 -35
1959 4551 97 90
1960 1364 -42 -19
1961 5914 34 19
1962 4079 -63 -57
1963 2501 47 73
1964 2585 -42 -78
1965 7674 70 52
1966 6726 -34 -21
1967 4817 94 10
1968 3788 -81 -92
1969 434 70 11
1970 6760 -21 -10
1971 1072 80 90
1972 9553 -54 -45
1973 4039 23 42
1974 8569 -72 -94
1975 5577 15 6
1976 6570 -27 -60
1977 5554 44 84
1978 9006 -44 -49
1979 4770 54 72
1980 5414 -80 -64
1981 509 29 37
1982 4045 -36 -38
1983 9373 27 67
1984 8528 -69 -67
1985 2388 90 4
1986 3780 -43 -95
1987 4520 88 72
1988 4427 -69 -30
1989 4029 98 11
1990 4684 -79 -72
1991 4579 11 92
1992 1962 -98 -77
1993 8988 54 49
1994 1699 -2 -57
1995 6675 17 67
1996 9683 -57 -12
1997 2974 21 13
1998 3812 -1 -51
1999 4657 36 61
2000 7212 -99 -1
2001 9299 79 95
2002 3024 -50 -12
2003 5733 78 88
2004 9600 -57 -67
2005 3333 24 15
2006 6971 -70 -54
2007 674 71 69
2008 9821 -70 -88
2009 6660 11 46
2010 1048 -95 -57
2011 9722 65 56
2012 160 -23 -48
2013 6100 9 35
2014 4242 -48 -40
2015 5584 97 36
2016 8068 -45 -91
2017 8542 85 5
2018 2661 -95 0
2019 9790 72 81
2020 7685 -12 -71
2021 8800 16 21
2022 5943 -65 -43
2023 2289 73 80
2024 7665 -76 -5
2025 2132 47 12
2026 985 -82 -18
2027 2675 68 2
2028 6278 -67 -62
2029 5969 66 35
2030 8799 -49 -28
2031 8279 95 15
2032 7357 -82 -18
2033 2516 15 50
2034 8364 -80 -64
2035 6258 22 71
2036 6780 -54 -79
2037 9990 30 80
2038 9338 -53 -21
2039 9300 46 43
2040 7259 -64 -80
2041 422 95 98
2042 9675 -82 -35
2043 1081 76 3
2044 7586 -45 -59
2045 431 19 71
2046 5472 -78 -95
2047 1886 49 9
2048 8763 -39 -85
2049 5005 59 32
2050 7465 -24 -89
2051 9579 92 56
2052 4400 -79 -13
2053 4710 14 18
2054 638 -31 -61
2055 8796 81 58
2056 1474 -74 -17
2057 852 91 28
2058 5452 -23 -86
2059 2950 81 91
2060 470 -77 -39
2061 671 43 45
2062 7222 -77 -47
2063 3673 75 4
2064 1745 -33 -35
2065 4896 90 86
2066 8220 -32 -98
2067 3347 6 98
2068 5954 -24 -58
2069 1781 74 60
2070 4760 -61 -14
2071 5359 77 39
2072 116 -47 -25
2073 97 25 20
2074 2958 -58 -34
2075 3347 29 46
2076 3616 -71 -55
2077 8535 60 86
2078 6093 -42 -63
2079 5193 18 3
2080 3148 -26 -56
2081 7311 85 47
2082 4904 -84 -75
2083 5677 45 76
2084 5664 -74 -26
2085 7545 61 51
2086 4582 -23 0
2087 3811 21 63
2088 4839 -95 -48
2089 7130 72 48
2090 2566 -32 -93
2091 5794 62 48
2092 7395 -89 -72
2093 2216 82 65
2094 7012 -74 -78
2095 107 68 98
2096 4179 -3 -60
2097 7063 58 15
2098 6349 -50 -87
2099 4967 25 21
2100 5952 -29 -21
2101 2881 60 25
2102 6981 -69 -38
2103 395 2 65
2104 7229 -6 -20
2105 4922 42 72
2106 2503 -75 -9
2107 2562 18 52
2108 2709 -64 -52
2109 2140 60 34
2110 6750 -43 -30
2111 9166 79 54
2112 3540 -97 -42
2113 2596 57 34
2114 4752 -7 -46
2115 2124 81 46
2116 7243 -27 -54
2117 609 87 44
2118 1527 -85 -77
2119 8523 63 77
2120 8462 -81 -34
2121 9052 32 36
2122 4826 -7 -52
2123 4038 35 63
2124 1259 -45 -71
2125 2992 98 48
2126 7234 -33 -94
2127 7590 45 5
2128 5543 -62 -97
2129 4833 11 0
2130 3189 -92 -46
2131 4797 32 24
2132 6470 -63 -43
2133 6467 93 24
2134 7687 -60 -54
2135 5389 72 6
2136 7148 -41 -24
2137 2379 96 57
2138 4782 -90 -53
2139 5080 47 64
2140 7124 -48 -9
2141 5220 10 16
2142 5270 -75 -34
2143 1515 69 54
2144 2768 -46 -87
2145 3109 30 93
2146 9229 -82 -91
2147 4004 81 64
2148 3823 -67 -75
2149 7313 84 24
2150 6254 -11 -11
2151 2221 39 53
2152 7343 -98 -85
2153 1773 55 72
2154 6298 -10 -81
2155 8375 38 90
2156 4514 -31 -62
2157 9406 34 79
2158 2357 -6 -11
2159 8751 95 88
2160 5115 -21 -30
2161 8341 58 62
2162 6789 -36 -97
2163 5485 49 34
2164 8634 -98 -56
2165 4683 40 58
2166 288 -31 -63
2167 3191 99 97
2168 8631 -18 -13
2169 4133 12 37
2170 1556 -90 -58
2171 8981 97 33
2172 3422 -31 -15
2173 8614 92 69
2174 1834 -90 -30
2175 3217 70 96
2176 6878 -85 -96
2177 8226 50 66
2178 7920 -28 -22
2179 9430 34 3
2180 5225 -96 -97
2181 964 10 82
2182 3474 -56 -1
2183 1014 31 71
2184 2426 -79 -45
2185 7213 66 55
2186 3234 -52 -61
2187 7976 84 3
2188 9136 -46 -84
2189 9538 5 45
2190 9980 -57 -5
2191 2179 78 44
2192 7679 -71 -5
2193 4574 33 20
2194 6968 -39 -19
2195 1973 11 8
2196 8584 -53 -16
2197 4470 21 80
2198 9506 -35 0
2199 3572 92 47
2200 6805 -84 -14
2201 6097 13 53
2202 7841 -80 -28
2203 4993 35 46
2204 9669 -52 -54
2205 3289 13 25
2206 3003 -14 -94
2207 5375 48 94
2208 2239 -18 -72
2209 2979 71 66
2210 7170 -89 -14
2211 8413 39 89
2212 7121 -3 -4
2213 389 9 75
2214 714 -72 -21
2215 9205 1 22
2216 156 -82 -84
2217 1546 56 51
2218 1092 -36 -21
2219 8889 53 92
2220 6068 -16 -74
2221 2196 98 92
2222 7160 -70 -4
2223 8725 14 43
2224 6912 -86 -25
2225 754 93 32
2226 7449 -78 -30
2227 8319 66 29
2228 2494 -50 -39
2229 8694 78 43
2230 5755 -81 -19
2231 7562 42 72
2232 6124 -13 -66
2233 7448 51 60
2234 4122 -73 -36
2235 3784 91 60
2236 7162 -85 -43
2237 7496 35 61
2238 4456 -4 -55
2239 9958 88 89
2240 1883 -97 -68
2241 3295 31 27
2242 6664 -18 -32
2243 4269 41 97
2244 6373 -78 -32
2245 8919 71 82
2246 2434 -91 -11
2247 6834 21 68
2248 1142 -3 -86
2249 2661 34 74
2250 1405 -21 -28
2251 1481 94 21
2252 6864 -99 -39
2253 5089 30 51
2254 9015 -80 -68
2255 7583 5 0
2256 5882 -7 -46
2257 9792 96 26
2258 388 -99 -13
2259 5001 51 82
2260 2325 -77 -28
2261 9137 20 35
2262 8026 -12 -5
2263 8582 60 39
2264 9077 -87 -8
2265 6510 97 52
2266 9146 -94 -54
2267 6981 67 52
2268 3440 -86 -85
2269 2933 21 39
2270 2606 -79 -1
2271 3463 99 36
2272 2222 -85 -48
2273 6660 85 1
2274 4412 -24 -58
2275 6032 70 44
2276 3442 -81 -9
2277 6681 34 73
2278 8644 -32 -89
2279 8765 67 31
2280 3275 -26 0
2281 1213 31 99
2282 1784 0 -74
2283 6671 0 59
2284 3515 -46 -11
2285 309 69 15
2286 1752 -2 -95
2287 9752 0 86
2288 8165 -62 -98
2289 8800 78 23
2290 1907 -54 -2
2291 3086 87 83
2292 7453 -68 -83
2293 4902 65 93
2294 4356 -63 -90
2295 5280 98 45
2296 1841 -48 -36
2297 2686 7 91
2298 3126 -67 -53
2299 6251 54 21
2300 8056 -8 -38
2301 8972 48 79
2302 2837 -92 -63
2303 1854 25 46
2304 9459 -70 -44
2305 9673 18 69
2306 219 -41 -91
2307 1053 10 98
2308 8232 -74 -98
2309 8226 39 41
2310 7376 -90 -91
2311 9389 32 95
2312 91 -73 -29
2313 6329 34 31
2314 9477 -45 -72
2315 3428 5 55
2316 6942 -11 -74
2317 7072 99 98
2318 1006 -49 -29
2319 6419 51 21
2320 122 -72 -9
2321 963 83 46
2322 3629 -95 -64
2323 1615 71 73
2324 6678 -79 -34
2325 7126 11 81
2326 8014 -4 -22
2327 1555 97 43
2328 3329 -72 -41
2329 674 6 17
2330 5257 -62 -25
2331 5358 34 77
2332 4298 -36 -31
2333 7344 64 78
2334 5912 -99 -40
2335 4869 51 48
2336 9819 -46 -55
2337 1144 59 81
2338 3194 -21 -24
2339 3556 20 34
2340 9251 -61 -24
2341 5080 55 22
2342 8493 -11 -6
2343 9104 10 77
2344 2827 -58 -52
2345 7453 71 21
2346 9044 -79 -77
2347 8959 57 20
2348 1022 -82 -89
2349 4042 34 67
2350 3547 -74 -59
2351 6784 70 78
2352 5942 -2 -72
2353 3229 46 36
2354 2590 -97 -87
2355 3454 58 7
2356 9905 -31 -49
2357 4575 35 47
2358 4828 -62 -70
2359 1479 45 42
2360 4241 -18 -32
2361 7216 50 45
2362 5120 -55 -58
2363 6571 47 8
2364 5182 -55 -15
2365 3366 32 19
2366 6443 -74 -57
2367 3015 7 53
2368 4869 -45 0
2369 7917 47 48
2370 1003 -95 -32
2371 8753 97 53
2372 5243 -99 -67
2373 4678 50 23
2374 5287 -47 -11
2375 8097 14 14
2376 3128 -45 -12
2377 6395 86 28
2378 7782 -19 -84
2379 5402 4 75
2380 2472 -38 -79
2381 6554 93 32
2382 4832 -79 -32
2383 9323 57 52
2384 6742 -14 -73
2385 444 52 4
2386 7512 -91 -12
2387 9025 97 85
2388 5399 -22 -44
2389 8206 18 82
2390 9029 -8 -96
2391 8854 7 30
2392 6520 -11 -90
2393 7723 21 19
2394 9896 -86 -50
2395 3688 62 49
2396 6667 -22 -65
2397 5769 40 7
2398 6560 -57 -61
2399 6948 13 27
2400 2468 -28 -26
2401 1310 85 57
2402 6754 -19 -76
2403 135 54 75
2404 8634 -65 -80
2405 1294 50 38
2406 5419 -38 -95
2407 540 95 75
2408 5409 -8 -43
2409 9965 82 38
2410 179 -27 -42
2411 8814 17 77
2412 830 -87 0
2413 5408 77 66
2414 4673 -10 -31
2415 5889 78 41
2416 3735 -5 -95
2417 1971 29 20
2418 834 -93 -73
2419 8425 12 78
2420 8378 -56 -23
2421 3921 43 99
2422 9930 -89 -54
2423 8102 9 62
2424 6499 -44 -95
2425 9759 11 53
2426 3338 -62 -80
2427 7358 83 28
2428 5184 -15 -24
2429 6406 83 6
2430 6680 -29 -86
2431 8913 55 80
2432 6168 -63 -45
2433 3359 67 65
2434 9482 -8 -45
2435 4156 33 2
2436 1782 -32 -72
2437 9639 92 83
2438 7074 -86 -32
2439 5330 60 59
2440 8731 -3 -55
2441 7687 19 60
2442 6307 -51 -8
2443 1476 25 6
2444 3103 -81 -61
2445 2173 41 82
2446 9790 -41 -2
2447 3015 65 92
2448 595 -54 -12
2449 9202 9 1
2450 2161 -91 -13
2451 6514 62 85
2452 7312 -60 -71
2453 5404 47 75
2454 6183 -19 -66
2455 6970 43 42
2456 4594 -5 -90
2457 773 57 40
2458 2369 -3 -8
2459 490 1 82
2460 9293 -63 -14
2461 4502 95 42
2462 1040 -64 -80
2463 8797 28 71
2464 2991 -70 -46
2465 7749 4 77
2466 2769 -56 -92
2467 8370 63 59
2468 9158 -7 -14
2469 6822 76 29
2470 7671 -38 -13
2471 8713 72 3
2472 9830 -30 -73
2473 1165 87 88
2474 7747 -18 -93
2475 7962 59 91
2476 1195 -61 -12
2477 8892 10 25
2478 5870 -90 -30
2479 6286 71 38
2480 7661 -72 -15
2481 4846 82 31
2482 1881 -46 -27
2483 1596 3 27
2484 6865 -31 -96
2485 3019 31 74
2486 8825 -6 -33
2487 764 70 45
2488 6476 -46 -69
2489 5475 15 24
2490 1280 -40 -65
2491 2813 72 90
2492 1663 -41 -42
2493 2068 43 35
2494 5873 -56 -17
2495 7563 47 35
2496 1091 -76 -61
2497 9478 39 14
2498 6747 0 -79
2499 4598 58 33
2500 2045 -71 -47
2501 1578 77 9
2502 5589 -51 -12
2503 6948 78 98
2504 2216 -21 -86
2505 979 96 83
2506 3872 -80 -56
2507 541 1 86
2508 9292 -60 -93
2509 7714 35 49
2510 6159 -6 -14
2511 6160 95 84
2512 7862 -76 -86
2513 3128 84 82
2514 3821 -22 -6
2515 2383 34 74
2516 6193 -56 0
2517 8123 18 97
2518 4508 -20 -31
2519 4427 21 27
2520 8874 -17 -68
2521 6028 37 69
2522 2425 -33 -66
2523 3544 94 49
2524 5569 -75 -84
2525 436 15 26
2526 4914 -70 -14
2527 5396 58 97
2528 831 0 -92
2529 9591 94 17
2530 3173 -52 -48
2531 8017 3 76
2532 2410 -74 -55
2533 8405 47 75
2534 2803 -41 -15
2535 5632 56 88
2536 1234 -76 -92
2537 3210 59 25
2538 7213 -81 -34
2539 3256 66 64
2540 9704 -13 -10
2541 2723 33 15
2542 6337 -6 -35
2543 1061 94 67
2544 7625 -90 -5
2545 7984 67 63
2546 3403 -41 -61
2547 9818 4 80
2548 6154 -11 -80
2549 6766 0 41
2550 7918 -55 -63
2551 1937 76 22
2552 3377 -66 -24
2553 4629 20 69
2554 6884 -92 -53
2555 8748 6 96
2556 6388 -7 -65
2557 7579 31 48
2558 7379 -41 -28
2559 2768 16 37
2560 6414 -81 -62
2561 5716 7 6
2562 7862 -74 -52
2563 8501 91 38
2564 7200 -45 -45
2565 4301 72 17
2566 5018 -65 -49
2567 305 48 47
2568 2134 -28 -47
2569 8651 88 21
2570 647 -75 -40
2571 5480 9 22
2572 2872 -57 -17
2573 7419 9 23
2574 5796 -10 -40
2575 4815 22 46
2576 7302 -47 -53
2577 3021 73 84
2578 3061 -25 -16
2579 5735 50 79
2580 6610 -69 -71
2581 5733 59 71
2582 8293 -84 -13
2583 7081 64 93
2584 3649 -75 -39
2585 8648 69 34
2586 8513 -26 -9
2587 3946 58 53
2588 6596 -60 -5
2589 7149 84 9
2590 4561 -73 -80
2591 2016 58 54
2592 3439 -42 -64
2593 140 68 36
2594 547 -98 -58
2595 230 46 54
2596 4289 -23 -44
2597 9361 42 21
2598 1732 -92 -72
2599 2827 62 37
2600 3735 -26 -67
2601 9982 67 54
2602 5236 -18 -84
2603 6119 72 81
2604 4310 -50 -32
2605 2212 84 9
2606 4336 -76 -68
2607 7734 17 89
2608 6907 -32 -14
2609 2102 58 88
2610 9123 -92 -10
2611 7251 24 31
2612 1177 -3 -16
2613 3678 99 69
2614 2366 -77 -11
2615 4215 55 0
2616 5998 -3 -56
2617 6835 62 27
2618 9936 -99 -37
2619 7367 88 28
2620 2722 -6 -45
2621 8696 91 25
2622 230 -58 -39
2623 6967 62 7
2624 5959 -24 -77
2625 7045 11 52
2626 8414 -63 -47
2627 199 77 48
2628 4764 -95 -2
2629 5823 17 30
2630 591 -19 -17
2631 4062 57 70
2632 6773 -23 -63
2633 9546 29 55
2634 4888 -88 -9
2635 8474 4 10
2636 1879 -48 -86
2637 4501 61 36
2638 8155 -39 -69
2639 205 25 22
2640 3045 -69 -5
2641 8630 39 71
2642 6238 -80 -5
2643 6942 8 97
2644 493 -4 -19
2645 3567 28 89
2646 7020 -58 -51
2647 2629 52 57
2648 3502 -22 -15
2649 7845 82 0
2650 4988 -86 -75
2651 7527 6 99
2652 4331 -27 -46
2653 6960 97 20
2654 69 -87 -25
2655 7560 53 17
2656 2518 -86 -78
2657 1987 11 47
2658 8672 -42 -89
2659 2848 74 41
2660 5428 -99 -3
2661 8320 3 44
2662 6295 -63 -29
2663 5321 22 83
2664 9228 -49 -77
2665 2690 90 2
2666 4665 -43 -17
2667 4887 12 57
2668 219 -86 -71
2669 7729 64 11
2670 2146 -73 -81
2671 6553 39 45
2672 3167 -99 -72
2673 5907 61 17
2674 698 -16 -53
2675 5688 51 55
2676 2751 -51 -87
2677 41 5 68
2678 4484 -75 -85
2679 7678 27 40
2680 6088 -36 -65
2681 7080 89 87
2682 4801 -90 -12
2683 5652 17 34
2684 9016 -41 -15
2685 7996 79 61
2686 2967 -26 -47
2687 9960 19 7
2688 1495 -70 -70
2689 5770 99 73
2690 4498 -38 -7
2691 9194 78 88
2692 4253 -61 -18
2693 3563 99 8
2694 6946 -48 -91
2695 6279 48 66
2696 8114 -90 -99
2697 9237 15 39
2698 7748 -84 -89
2699 7565 73 96
2700 3425 -69 -85
2701 8360 94 30
2702 3421 -19 -43
2703 1414 98 14
2704 8551 -73 -85
2705 8249 57 52
2706 4004 -52 -54
2707 8523 15 14
2708 4640 -98 -59
2709 478 69 46
2710 1789 -90 -1
2711 7028 72 94
2712 5929 -84 -79
2713 6725 37 80
2714 7944 -86 -31
2715 2469 61 89
2716 1373 -69 -73
2717 7389 12 29
2718 9521 -42 -48
2719 2461 26 64
2720 8982 -86 -58
2721 8847 75 83
2722 8856 -58 -94
2723 5939 9 77
2724 8295 -11 -52
2725 2270 26 99
2726 3198 -87 -83
2727 9958 30 49
2728 4252 -39 -46
2729 8036 76 60
2730 3718 -79 -2
2731 9760 86 33
2732 2810 -52 -19
2733 86 14 50
2734 5362 -64 -12
2735 3381 4 77
2736 2295 -6 -60
2737 9736 28 69
2738 3007 -85 -62
2739 9260 95 40
2740 5872 -54 -86
2741 7695 51 58
2742 160 -29 -59
2743 7297 82 73
2744 9846 -75 -18
2745 9910 44 90
2746 6486 -64 -41
2747 2024 60 40
2748 169 -86 -33
2749 4144 73 35
2750 7011 -79 -66
2751 4544 5 71
2752 1879 -87 -74
2753 7780 63 37
2754 1642 -35 -61
2755 8121 10 51
2756 1861 -49 -44
2757 7374 60 54
2758 3231 -19 -81
2759 7388 38 43
2760 2421 -58 -68
2761 3582 96 70
2762 1263 -87 -39
2763 4374 16 88
2764 5500 -20 -49
2765 2656 84 69
2766 3103 -74 -59
2767 3240 99 49
2768 1880 -70 -3
2769 3660 65 74
2770 5858 -5 -61
2771 9025 35 91
2772 4250 -25 -17
2773 8641 80 63
2774 5877 -50 0
2775 1373 79 51
2776 1853 -26 -65
2777 5353 41 49
2778 1071 -16 -85
2779 9868 36 91
2780 6871 -27 -22
2781 9357 1 15
2782 9567 -27 -60
2783 418 13 64
2784 1692 -60 -15
2785 9800 87 1
2786 5126 -8 -86
2787 6544 22 60
2788 5406 -60 -22
2789 8724 6 41
2790 2847 -16 -85
2791 4260 50 85
2792 4626 -45 -71
2793 7134 50 57
2794 943 -81 -85
2795 8889 98 97
2796 3253 -82 -42
2797 8278 79 7
2798 9058 -89 -62
2799 5134 98 69
2800 5175 -81 -74
2801 8649 80 91
2802 4244 -40 -7
2803 4845 20 96
2804 5784 -82 -40
2805 369 19 31
2806 1272 -50 -68
2807 2589 27 62
2808 4296 -41 -67
2809 1100 25 56
2810 1584 -68 -48
2811 1174 52 46
2812 3683 -95 -26
2813 1852 28 7
2814 179 -51 -62
2815 3168 77 80
2816 9833 -34 -76
2817 3594 22 23
2818 9970 -6 -95
2819 4661 6 30
2820 3588 -52 -44
2821 9220 78 37
2822 3318 -25 -14
2823 8486 32 19
2824 7449 -78 -22
2825 4535 38 21
2826 805 -37 -31
2827 1217 67 42
2828 7992 -94 -89
2829 5913 3 34
2830 7184 -3 -38
2831 1586 39 56
2832 8072 -5 -16
2833 4039 61 30
2834 3848 -56 -41
2835 1039 21 37
2836 2496 -1 -73
2837 2293 38 94
2838 6504 -37 -29
2839 6887 78 47
2840 2453 -60 -13
2841 1396 41 9
2842 1305 -49 -21
2843 4565 48 88
2844 8886 -15 -82
2845 79 81 71
2846 9823 -20 -62
2847 5116 85 28
2848 1218 -30 -55
2849 8893 61 25
2850 8552 -62 -42
2851 1223 71 33
2852 2639 -78 -84
2853 7915 37 35
2854 7010 -34 -97
2855 8663 89 84
2856 6464 -43 0
2857 5675 62 13
2858 3867 -83 -1
2859 1411 68 10
2860 4161 -87 -12
2861 6467 11 59
2862 8068 -83 -4
2863 6785 72 94
2864 9290 -18 -62
2865 299 13 13
2866 3608 -88 -46
2867 6173 28 78
2868 7262 -50 -71
2869 9095 58 30
2870 9883 -98 -21
2871 9615 2 81
2872 8606 -81 -31
2873 4575 40 46
2874 9282 -58 -43
2875 5291 12 47
2876 4304 -50 0
2877 3079 90 4
2878 4305 -55 -98
2879 4970 1 16
2880 3016 -49 -33
2881 1227 13 47
2882 8044 -94 -11
2883 2473 3 81
2884 3785 -48 -78
2885 9566 39 77
2886 6332 -91 -35
2887 1791 28 63
2888 3313 -34 -51
2889 862 91 48
2890 781 -87 -29
2891 4298 33 93
2892 61 -7 -14
2893 5916 22 78
2894 2682 -29 0
2895 4484 99 37
2896 7036 -41 -20
2897 2241 93 52
2898 4116 -78 -91
2899 5001 15 50
2900 1425 -32 -81
2901 5277 0 91
2902 5938 -74 -97
2903 3613 89 46
2904 6608 -29 -7
2905 7077 72 0
2906 4762 -36 -68
2907 2748 7 92
2908 8697 -12 -42
2909 4659 28 3
2910 3680 -52 -87
2911 753 75 29
2912 1464 -99 -59
2913 5256 46 20
2914 6524 -85 -47
2915 6959 3 48
2916 234 -73 -67
2917 9788 74 37
2918 9034 -52 -33
2919 6738 77 73
2920 6741 -85 -56
2921 247 17 88
2922 8616 -81 -85
2923 8528 3 3
2924 7373 -73 -47
2925 8077 28 88
2926 5485 -17 -98
2927 9984 73 22
2928 279 -42 -99
2929 1675 48 41
2930 4227 -74 -18
2931 4256 54 9
2932 4569 -20 -13
2933 8378 25 4
2934 898 -96 -96
2935 2872 82 39
2936 8860 -7 -42
2937 4189 39 95
2938 8951 -40 -6
2939 379 78 39
2940 2262 -1 -87
2941 9882 15 82
2942 3847 -55 -19
2943 4963 97 29
2944 4772 -79 -71
2945 8125 11 20
2946 4581 -23 -43
2947 4610 20 89
2948 3436 -98 -67
2949 6004 22 67
2950 6440 -38 -10
2951 6525 34 61
2952 9213 -3 -70
2953 5961 4 81
2954 3612 0 -34
2955 1538 63 74
2956 6702 -7 -41
2957 5082 8 60
2958 4043 -80 -20
2959 1284 26 47
2960 6302 -50 -26
2961 6936 23 94
2962 2242 -14 -13
2963 8323 32 43
2964 8769 -39 -16
2965 303 14 23
2966 9911 -86 -28
2967 7456 99 3
2968 7083 -98 -20
2969 1732 47 84
2970 6307 -22 -76
2971 2848 53 50
2972 1505 -91 -79
2973 5442 75 64
2974 5402 -69 -38
2975 820 21 10
2976 1124 -21 -52
2977 3390 33 34
2978 4834 -9 -46
2979 5844 23 54
2980 449 -46 -86
2981 1375 68 37
2982 1496 -11 -43
2983 8309 81 67
2984 7816 -42 -35
2985 9305 72 86
2986 9727 -23 -25
2987 2682 25 16
2988 3187 -59 -71
2989 5557 50 43
2990 8794 -57 -7
2991 5688 38 95
2992 4876 -46 -55
2993 991 77 84
2994 6950 -51 -51
2995 9677 48 24
2996 6201 -31 -87
2997 3148 22 41
2998 937 -25 -54
2999 9417 51 60
3000 1646 -40 -14
3001 9622 56 66
3002 5316 -86 -11
3003 5552 65 39
3004 7555 -41 -58
3005 2451 18 4
3006 360 -57 -52
3007 828 3 13
3008 9259 -32 -71
3009 5200 55 31
3010 805 -32 -23
3011 6367 37 60
3012 5692 -21 -62
3013 23 86 88
3014 8618 -34 -96
3015 9746 90 42
3016 9913 -31 -43
3017 2762 94 87
3018 7083 -79 -69
3019 3892 90 10
3020 2485 -85 -8
3021 1655 47 81
3022 2707 -25 -85
3023 2019 94 85
3024 7554 -48 -1
3025 4391 19 90
3026 5533 -56 -50
3027 6799 76 2
3028 9084 -54 -23
3029 3187 51 63
3030 3521 -85 -56
3031 6777 29 43
3032 9078 -54 -49
3033 3534 67 47
3034 6352 -4 -28
3035 1438 79 7
3036 771 -17 -60
3037 4853 44 13
3038 84 -44 -13
3039 9211 6 78
3040 1839 -26 -30
3041 2273 12 32
3042 7523 -38 -99
3043 9374 57 21
3044 1676 -39 -99
3045 1372 65 64
3046 7694 -96 -43
3047 9255 82 62
3048 5466 -73 -59
3049 3819 83 13
3050 5463 -26 -22
3051 4598 38 9
3052 7525 -82 -82
3053 9756 33 0
3054 4902 -15 -43
3055 8594 96 8
3056 2951 -53 -74
3057 11 96 95
3058 9967 -65 -6
3059 960 26 40
3060 9351 -59 -96
3061 5460 68 49
3062 1249 -55 -80
3063 324 26 28
3064 7852 -9 -71
3065 5957 55 44
3066 5702 -17 -67
3067 8382 55 69
3068 7628 -15 -26
3069 9032 95 44
3070 2074 -88 -21
3071 7931 77 60
3072 8425 -77 -4
3073 2738 30 4
3074 3291 -59 -24
3075 9076 7 95
3076 213 -58 -66
3077 6073 62 18
3078 4444 -68 -32
3079 3915 4 21
3080 7078 -27 -69
3081 4099 76 18
3082 9992 -72 -20
3083 7674 83 42
3084 7976 -15 -60
3085 8590 71 30
3086 7035 -76 -65
3087 9978 47 87
3088 6161 -85 -84
3089 7131 26 0
3090 9227 -52 -89
3091 9992 86 62
3092 8920 -80 -14
3093 7439 59 26
3094 4330 -73 -86
3095 8870 80 49
3096 685 -67 -95
3097 7763 73 41
3098 7347 -90 -85
3099 1540 93 60
3100 9702 -24 -63
3101 8133 92 56
3102 7131 -48 -65
3103 1210 40 31
3104 6750 -45 -62
3105 6829 18 19
3106 4138 -39 -49
3107 6705 0 69
3108 1139 -59 -34
3109 34 50 59
3110 6431 -1 -72
3111 90 34 46
3112 5833 -87 -67
3113 528 14 40
3114 5595 -81 -45
3115 5380 88 3
3116 4525 -33 -39
3117 6727 63 7
3118 3542 -76 -52
3119 5902 69 2
3120 9302 -59 -28
3121 1199 38 32
3122 3517 -52 -31
3123 9236 54 72
3124 5810 -47 -72
3125 8579 97 74
3126 8910 -93 -8
3127 2225 38 4
3128 2550 -7 -54
3129 9592 29 10
3130 6219 -32 -75
3131 27 9 71
3132 5395 -5 -66
3133 8654 33 22
3134 5329 -59 -26
3135 759 55 62
3136 690 -14 -78
3137 1047 27 49
3138 5647 -49 -54
3139 5514 65 64
3140 9735 -60 -66
3141 200 35 5
3142 9464 -92 -76
3143 3532 16 50
3144 6973 -18 -24
3145 3403 42 20
3146 6429 -90 -42
3147 5177 58 71
3148 8516 -88 -54
3149 6234 61 5
3150 4483 -31 -71
3151 3552 76 16
3152 3947 -29 -9
3153 4730 28 30
3154 5460 -87 -49
3155 6617 56 81
3156 7693 -36 -19
3157 2320 18 11
3158 447 -9 -6
3159 7994 71 44
3160 4957 -95 -2
3161 5308 70 61
3162 2321 -19 -74
3163 4439 56 43
3164 3453 -99 -16
3165 4174 81 25
3166 5820 -96 -44
3167 8473 72 88
3168 1833 -86 -96
3169 8506 99 19
3170 9317 -85 -98
3171 4712 5 16
3172 2743 -11 -61
3173 7656 99 11
3174 4622 -8 -56
3175 4830 70 33
3176 7249 -44 -51
3177 2022 9 92
3178 7258 -99 -39
3179 3673 33 91
3180 9779 -3 -41
3181 8922 33 63
3182 6905 -14 -51
3183 4796 29 22
3184 623 -14 -3
3185 5803 89 77
3186 5410 -50 -97
3187 7543 29 47
3188 1482 -86 -18
3189 973 21 97
3190 7632 -22 -89
3191 9172 66 55
3192 7608 -74 -28
3193 7293 83 66
3194 2729 -80 -81
3195 5550 77 59
3196 3460 -68 -23
3197 2806 38 46
3198 7896 -81 -81
3199 430 37 11
3200 5556 -10 -5
3201 1878 33 57
3202 3903 -15 -97
3203 5815 66 42
3204 5330 -38 -93
3205 6386 79 9
3206 8258 -91 -35
3207 5996 68 72
3208 8741 -2 -99
3209 1700 67 48
3210 7171 -39 -15
3211 4143 69 76
3212 6256 -59 -76
3213 9874 60 95
3214 344 -13 -13
3215 2702 97 91
3216 9188 -95 -32
3217 4963 61 95
3218 4817 -6 -30
3219 2227 93 52
3220 9152 -6 -57
3221 6429 8 46
3222 845 -90 -87
3223 5730 89 53
3224 9833 -42 -79
3225 4191 0 77
3226 9074 -21 -96
3227 8329 29 53
3228 7127 -87 -50
3229 7733 55 20
3230 5630 -44 -30
3231 2606 88 39
3232 2167 -7 -14
3233 1004 29 35
3234 8455 -99 -24
3235 442 7 15
3236 2803 -87 -90
3237 3576 86 86
3238 9890 -75 -59
3239 9456 14 0
3240 2563 -53 -82
3241 9875 64 72
3242 8015 -67 -92
3243 5617 4 53
3244 8964 -40 -84
3245 5189 16 58
3246 5101 -74 -55
3247 6602 88 54
3248 9691 -66 -9
3249 7477 76 11
3250 9283 -98 -13
3251 2878 97 2
3252 7334 -12 -49
3253 6895 50 75
3254 3208 -53 -77
3255 1949 11 38
3256 3088 -99 -92
3257 4845 15 53
3258 6594 -89 -96
3259 5224 83 59
3260 8325 -36 -97
3261 9792 69 53
3262 3584 -62 -82
3263 8736 32 65
3264 8238 -4 -80
3265 5278 42 32
3266 5384 -22 -55
3267 5593 75 27
3268 2489 -17 -51
3269 9172 89 57
3270 5825 -80 -14
3271 8449 29 64
3272 3352 -83 -43
3273 8816 50 95
3274 8829 -11 -86
3275 709 31 54
3276 2751 -69 -86
3277 8977 95 15
3278 4768 -86 -48
3279 3559 99 69
3280 3278 -35 -56
3281 5104 28 97
3282 4717 -39 -13
3283 8177 80 77
3284 9601 -95 -43
3285 1769 34 90
3286 5116 -90 -86
3287 6432 83 43
3288 2598 -68 -91
3289 814 89 69
3290 4561 -81 -69
3291 6484 26 18
3292 499 -59 -22
3293 4759 99 5
3294 993 -39 -20
3295 2013 1 46
3296 5734 -49 -65
3297 9318 33 41
3298 5352 -35 -70
3299 1757 75 32
3300 7523 -10 -59
3301 590 48 46
3302 133 -91 -95
3303 3583 27 39
3304 5458 -40 -28
3305 3488 0 14
3306 6038 -1 -97
3307 9218 67 7
3308 657 -62 -43
3309 4995 98 54
3310 9646 -14 -50
3311 9402 39 48
3312 359 -17 -33
3313 5085 49 92
3314 8716 -99 0
3315 732 92 0
3316 67 -18 -67
3317 373 24 21
3318 369 -75 -42
3319 8656 84 57
3320 8188 -65 -43
3321 4933 59 24
3322 3869 -22 -61
3323 188 5 48
3324 3531 -16 -39
3325 7452 26 67
3326 2592 -68 -60
3327 5284 16 28
3328 4601 -59 -49
3329 6683 93 22
3330 916 -82 -47
3331 4885 70 7
3332 9144 -7 -49
3333 7822 55 22
3334 1804 -8 -50
3335 9716 10 67
3336 703 -31 -94
3337 7874 0 58
3338 4099 -51 -57
3339 2367 47 24
3340 6650 -61 -36
3341 4642 91 10
3342 5767 -35 -17
3343 8544 56 32
3344 6995 -87 -3
3345 2791 60 23
3346 5202 -99 -25
3347 760 99 96
3348 8532 -50 -6
3349 3111 95 83
3350 3122 -70 -64
3351 6151 63 71
3352 7812 -18 -26
3353 1676 9 21
3354 589 -27 -96
3355 8521 0 7
3356 8621 -71 -88
3357 9453 73 52
3358 2635 -82 -78
3359 778 15 16
3360 7456 -63 -74
3361 2143 90 53
3362 479 -56 -77
3363 444 13 34
3364 2441 -39 -67
3365 927 46 34
3366 6519 -39 -92
3367 370 6 62
3368 9595 -48 -3
3369 4345 16 94
3370 1916 -98 -28
3371 3243 83 78
3372 7901 -12 -3
3373 1645 32 86
3374 5485 -2 -68
3375 2854 19 16
3376 5329 -97 -71
3377 9602 77 48
3378 5214 -18 -35
3379 569 98 97
3380 8173 -22 -63
3381 4912 62 63
3382 3965 -93 -45
3383 7073 26 8
3384 647 -62 -65
3385 1185 51 3
3386 2000 -43 -54
3387 8133 71 36
3388 9921 -2 -47
3389 2345 51 86
3390 9577 -57 -13
3391 1242 3 44
3392 3469 -78 -12
3393 3860 58 56
3394 8840 -22 -41
3395 1714 31 2
3396 5995 -27 -94
3397 8378 29 30
3398 9300 -79 -96
3399 5808 16 82
3400 9115 -24 -96
3401 1026 7 86
3402 8850 -81 -61
3403 4556 41 42
3404 5333 -49 -16
3405 4603 58 31
3406 1321 -34 -57
3407 2269 89 64
3408 1509 -21 -60
3409 2124 27 57
3410 7431 -9 -28
3411 8302 54 64
3412 5226 -9 -18
3413 7139 44 38
3414 7930 -42 -91
3415 7720 12 25
3416 5270 -52 -77
3417 3557 42 49
3418 22 -78 -99
3419 7756 90 64
3420 1090 -45 -66
3421 7927 92 97
3422 971 0 -95
3423 9308 51 46
3424 1940 -23 -68
3425 8187 34 92
3426 5734 -52 -24
3427 5537 19 14
3428 8778 -17 -75
3429 7436 62 60
3430 6102 -97 -13
3431 6969 42 42
3432 3109 -36 -4
3433 9031 62 59
3434 239 -96 -17
3435 3302 65 95
3436 8803 -23 -88
3437 234 23 11
3438 2902 -21 -47
3439 4280 18 5
3440 7021 -4 -67
3441 7145 90 33
3442 7327 -28 -2
3443 1999 96 34
3444 9476 -4 -95
3445 1597 40 12
3446 1505 -2 -15
3447 3085 22 39
3448 1896 -21 -23
3449 8075 60 57
3450 6854 -35 -10
3451 7016 2 37
3452 8518 -12 -2
3453 9736 53 61
3454 4781 -31 -37
3455 2838 1 5
3456 6051 -10 -82
3457 9736 32 13
3458 838 -20 -45
3459 5515 23 55
3460 2495 -33 -52
3461 6671 88 44
3462 3696 -13 -31
3463 9815 86 4
3464 604 -87 -61
3465 5427 34 38
3466 2068 -25 -11
3467 6386 21 68
3468 5043 -80 -61
3469 6947 49 83
3470 9344 -5 -14
3471 1398 83 75
3472 5776 -24 -96
3473 5620 37 85
3474 1284 -35 -36
3475 1782 79 3
3476 8930 -5 -14
3477 8792 54 4
3478 2563 -32 -56
3479 9331 99 89
3480 2026 -51 -15
3481 5111 1 18
3482 2847 -28 -34
3483 1611 27 73
3484 9711 -97 -90
3485 4296 84 20
3486 521 -22 -87
3487 7818 52 84
3488 6866 -32 -60
3489 6271 24 77
3490 4062 -82 -57
3491 3835 28 76
3492 9800 -50 -4
3493 5563 45 74
3494 3429 -8 -36
3495 9942 29 59
3496 6519 -96 -99
3497 7161 20 76
3498 7927 -3 -2
3499 2171 27 87
3500 9354 -27 -98
3501 8461 58 11
3502 41 -45 -2
3503 211 93 24
3504 8863 -67 -32
3505 7853 89 61
3506 3931 -65 -23
3507 3297 21 42
3508 9414 -5 -31
3509 340 72 67
3510 6385 -87 -24
3511 4709 12 84
3512 8354 -80 -75
3513 7169 53 28
3514 1295 -2 -53
3515 3906 92 60
3516 1735 -74 -17
3517 2594 67 85
3518 9338 -11 -47
3519 6691 78 74
3520 4989 -77 -34
3521 8075 57 54
3522 6495 -79 -63
3523 7348 31 3
3524 9963 -22 -95
3525 4968 37 95
3526 683 -17 -59
3527 3544 32 5
3528 8924 -4 -78
3529 1043 39 40
3530 9075 -15 -19
3531 7949 90 0
3532 4839 -98 -80
3533 8653 59 74
3534 9721 -31 -48
3535 8333 82 45
3536 7947 -40 -91
3537 448 7 11
3538 8571 -60 -92
3539 5032 84 24
3540 7280 -8 -60
3541 7936 19 58
3542 7363 -23 -27
3543 1986 51 52
3544 9982 -96 -61
3545 343 35 73
3546 8640 -52 -36
3547 7529 52 37
3548 7912 -8 -59
3549 900 77 92
3550 8162 -4 -50
3551 3447 42 55
3552 9094 -48 -94
3553 6626 38 40
3554 8488 -56 -98
3555 7948 31 58
3556 6304 -20 -85
3557 3435 62 6
3558 5616 -86 -43
3559 375 67 77
3560 4972 -18 0
3561 1915 1 86
3562 8244 -17 -92
3563 1730 12 15
3564 3309 -15 -25
3565 9958 29 57
3566 7913 -83 -64
3567 2711 42 90
3568 1924 -36 -69
3569 884 77 4
3570 7545 -92 -33
3571 5244 52 27
3572 303 -59 -97
3573 3836 16 65
3574 4311 -66 -15
3575 4709 28 54
3576 2375 -11 -70
3577 1208 87 53
3578 8443 -51 -17
3579 2405 4 60
3580 3340 -55 -16
3581 1127 9 89
3582 5130 -16 -84
3583 1408 25 88
3584 4758 -24 -65
3585 6137 30 30
3586 6383 -71 -8
3587 323 67 43
3588 3609 -1 -2
3589 6263 25 14
3590 1671 -1 -78
3591 6752 33 78
3592 9956 -60 -17
3593 2317 94 59
3594 5463 -22 -79
3595 6027 49 92
3596 4695 -2 -19
3597 6987 73 42
3598 5091 -9 -62
3599 8994 36 72
3600 5188 -34 -14
3601 4976 88 18
3602 516 -26 -42
3603 7932 33 86
3604 9126 -6 -86
3605 9371 94 5
3606 593 -27 -32
3607 5108 87 36
3608 5402 -84 -55
3609 2041 8 82
3610 1431 -45 -76
3611 5964 89 64
3612 3713 -27 -30
3613 6639 93 6
3614 2971 -26 -51
3615 6775 10 86
3616 2045 -42 -61
3617 7630 62 66
3618 689 -4 -24
3619 2662 63 89
3620 5073 -86 -24
3621 2905 28 59
3622 8495 -86 0
3623 2201 23 91
3624 4305 -18 -94
3625 7610 61 13
3626 8068 -75 -20
3627 7857 37 33
3628 865 -79 -39
3629 7116 39 54
3630 4246 -71 -66
3631 3665 32 47
3632 2197 -39 -70
3633 4047 76 88
3634 9677 -78 -58
3635 5824 38 98
3636 5878 -86 -41
3637 326 69 96
3638 2854 -3 0
3639 9012 74 89
3640 4514 -30 -25
3641 891 16 38
3642 4046 -94 -8
3643 2540 65 65
3644 4810 -53 -7
3645 2392 70 93
3646 6564 -21 -95
3647 3220 71 49
3648 4112 -46 0
3649 3124 13 31
3650 3085 -73 -47
3651 2090 1 20
3652 1975 -49 -6
3653 8073 50 93
3654 6520 -2 -3
3655 5460 39 67
3656 7782 -68 -24
3657 5657 62 35
3658 6464 -28 -93
3659 5505 48 33
3660 1195 -72 -70
3661 659 65 0
3662 431 -15 -43
3663 1765 77 5
3664 3241 -70 -14
3665 674 94 70
3666 4142 -52 -78
3667 7622 20 1
3668 6056 -39 -78
3669 4976 64 79
3670 118 -97 -80
3671 5924 65 93
3672 8962 -65 -34
3673 8616 50 18
3674 9650 -4 -58
3675 2282 31 14
3676 1690 -75 -25
3677 7275 71 10
3678 9556 -86 -25
3679 3312 17 31
3680 6780 -24 -64
3681 5583 39 62
3682 5248 -71 0
3683 7338 5 89
3684 5338 -92 -6
3685 4313 66 83
3686 8431 -55 -62
3687 1641 91 65
3688 3324 -51 -56
3689 543 18 0
3690 5938 -82 -58
3691 5278 99 91
3692 6027 -40 -69
3693 2611 28 82
3694 4562 -33 -40
3695 9913 40 66
3696 4250 -94 -27
3697 1711 92 80
3698 2709 -27 -29
3699 6484 85 15
3700 7677 -83 -52
3701 7327 71 29
3702 8571 -83 -46
3703 3686 6 33
3704 7794 -88 -75
3705 686 21 15
3706 7925 -92 -89
3707 2530 21 9
3708 7561 -65 -23
3709 5990 6 42
3710 5691 -8 -80
3711 2184 32 38
3712 8575 -58 -25
3713 5584 87 46
3714 9136 -50 -83
3715 2909 67 44
3716 6449 -48 -45
3717 8216 51 95
3718 403 -43 -6
3719 590 28 94
3720 2053 -84 -84
3721 7571 42 18
3722 9496 -21 -88
3723 3482 83 41
3724 6238 -15 -57
3725 5214 12 54
3726 2280 -27 -37
3727 1626 19 20
3728 2795 0 -22
3729 4115 18 35
3730 5011 -25 -68
3731 9512 5 34
3732 3074 -4 -88
3733 263 45 23
3734 4168 -83 -59
3735 6579 1 24
3736 3009 -29 -48
3737 2622 16 76
3738 4612 -49 -27
3739 2217 81 74
3740 13 -9 -2
3741 6043 3 40
3742 4685 -22 -95
3743 3585 56 51
3744 9064 -16 -97
3745 5899 72 36
3746 1638 -26 -56
3747 6822 85 94
3748 5243 -5 -42
3749 5055 45 95
3750 4016 -78 -12
3751 5882 17 39
3752 9320 -59 -44
3753 1750 88 2
3754 5552 -14 -42
3755 3661 98 79
3756 3432 -94 -51
3757 6423 47 91
3758 3530 -3 -53
3759 2605 12 61
3760 7719 -70 -14
3761 8400 81 46
3762 4271 -55 -62
3763 5325 17 68
3764 2931 -73 -10
3765 8985 93 45
3766 5591 -97 -53
3767 7742 96 7
3768 9215 -97 -28
3769 9998 23 21
3770 8172 -66 -4
3771 3320 35 94
3772 9175 -37 -27
3773 451 33 95
3774 7674 -4 -66
3775 6627 53 27
3776 718 -24 -82
3777 1774 38 15
3778 5994 -24 -22
3779 906 16 20
3780 9954 -62 -31
3781 9399 90 9
3782 7414 -99 -66
3783 8796 3 50
3784 1133 -59 -97
3785 4169 14 85
3786 9470 -90 -19
3787 6902 9 75
3788 9424 -81 -24
3789 2155 10 35
3790 3697 -85 -50
3791 8024 71 23
3792 1798 -64 -11
3793 1022 23 42
3794 4744 -49 -42
3795 103 70 45
3796 7163 -21 -15
3797 9809 76 63
3798 2587 -18 -72
3799 5962 30 85
3800 4493 -79 -33
3801 1544 9 61
3802 9406 -40 -14
3803 7087 3 10
3804 3545 -62 -35
3805 5327 34 8
3806 9388 -33 -43
3807 2210 61 97
3808 7576 -5 -12
3809 9949 48 13
3810 3529 -9 -59
3811 6797 49 65
3812 930 -66 -10
3813 5717 32 76
3814 8279 -93 -5
3815 8818 17 76
3816 2933 -37 -17
3817 8987 64 41
3818 7029 -74 -93
3819 8641 67 76
3820 8235 -80 -83
3821 6591 48 7
3822 2886 -92 -97
3823 7288 84 13
3824 2569 -87 -40
3825 3045 86 57
3826 91 -12 -53
3827 6591 76 42
3828 5099 -51 -92
3829 7006 44 59
3830 9763 -45 -27
3831 6671 15 18
3832 9528 -78 -31
3833 1991 46 92
3834 268 -59 -15
3835 5198 85 25
3836 5794 -2 -12
3837 1597 50 42
3838 9921 -27 -99
3839 99 90 56
3840 207 -48 -85
3841 9368 71 51
3842 4989 -59 -20
3843 5467 35 40
3844 6674 -79 -80
3845 9422 49 13
3846 1612 -23 -4
3847 9057 95 87
3848 966 -38 -52
3849 5783 16 24
3850 1754 -19 -85
3851 9057 41 33
3852 8239 -13 -79
3853 1615 38 97
3854 2561 -57 -74
3855 5795 96 54
3856 8885 -21 -66
3857 1439 73 42
3858 2111 -26 -85
3859 5945 53 71
3860 1208 -69 -59
3861 5311 51 38
3862 1244 -19 -1
3863 4144 55 8
3864 8059 -47 -38
3865 8334 1 52
3866 1656 -99 -17
3867 6161 65 13
3868 9592 -56 -53
3869 7235 35 12
3870 2638 -65 -32
3871 1096 95 52
3872 4730 -19 -9
3873 2260 8 44
3874 7678 -32 -93
3875 1954 64 61
3876 7045 -22 -93
3877 5798 31 22
3878 351 -7 -80
3879 8771 87 41
3880 4703 -43 -44
3881 5367 41 36
3882 155 -2 -78
3883 237 35 48
3884 1311 -36 -3
3885 176 45 22
3886 1647 -6 -71
3887 9758 99 94
3888 5198 -74 -90
3889 6612 49 76
3890 2852 -96 -14
3891 9285 63 81
3892 6555 -62 -93
3893 6314 89 94
3894 1677 -7 -77
3895 6083 14 6
3896 4253 -78 -1
3897 7991 66 14
3898 9104 -72 -4
3899 5028 92 55
3900 2986 -50 -88
3901 1345 44 32
3902 7289 -59 -65
3903 9873 82 1
3904 4870 -83 -35
3905 8537 41 48
3906 7556 -33 -54
3907 8563 29 70
3908 6535 -24 -42
3909 8214 19 75
3910 7251 -78 -34
3911 6229 7 56
3912 6462 -12 -8
3913 7762 37 83
3914 7890 -58 -50
3915 1395 5 80
3916 9832 -36 -13
3917 2980 18 55
3918 2770 -84 -82
3919 9982 58 53
3920 1944 -40 -66
3921 4699 65 18
3922 6486 -50 -1
3923 622 8 37
3924 8168 -40 -68
3925 9892 26 0
3926 8439 -93 -2
3927 2567 61 8
3928 786 -33 -81
3929 9431 25 7
3930 333 -27 -37
3931 1763 17 34
3932 9902 -28 -97
3933 1558 17 95
3934 611 -91 -12
3935 9639 69 67
3936 3688 -67 -46
3937 9753 39 5
3938 7461 -66 -75
3939 5122 77 73
3940 4110 -45 -49
3941 8591 23 42
3942 1753 -15 -98
3943 235 7 55
3944 5193 -22 -11
3945 8210 8 27
3946 9141 -23 -21
3947 9808 12 93
3948 9987 -46 -71
3949 6933 89 71
3950 8742 -22 -2
3951 3656 48 28
3952 7138 -73 -95
3953 4381 74 97
3954 7092 -82 -67
3955 6314 85 0
3956 431 -37 -57
3957 2568 31 62
3958 3885 -56 -12
3959 7638 45 76
3960 4331 -30 -5
3961 1230 8 47
3962 5945 -75 -66
3963 4414 80 26
3964 5010 -42 -6
3965 1520 56 77
3966 6418 -93 -46
3967 6354 29 96
3968 6385 -81 -52
3969 1616 21 48
3970 5545 -32 -27
3971 7420 25 61
3972 3601 -63 -4
3973 9201 60 92
3974 4619 -85 0
3975 7758 16 34
3976 2992 -33 -5
3977 9986 13 16
3978 5187 -46 -11
3979 1182 26 57
3980 4441 -72 -85
3981 791 25 52
3982 6326 -94 -93
3983 1641 89 19
3984 3340 0 -11
3985 3495 51 95
3986 3947 -55 -26
3987 8966 33 48
3988 7086 -41 -36
3989 6032 52 72
3990 7849 -36 -7
3991 2915 39 34
3992 3439 -52 -49
3993 7907 15 81
3994 6713 -13 -43
3995 1484 62 33
3996 1673 -81 -26
3997 4418 15 82
3998 6914 -61 -15
3999 2043 47 75
4000 2494 -20 -71
4001 2860 22 86
4002 2512 -16 -24
4003 5032 36 53
4004 6694 -5 -60
4005 4227 33 73
4006 5218 -12 -28
4007 7247 67 55
4008 9102 -43 -56
4009 8611 83 80
4010 7023 -14 -99
4011 9334 79 30
4012 2693 -98 -76
4013 7440 5 61
4014 1871 -5 -7
4015 9666 58 5
4016 5135 -24 -7
4017 205 67 46
4018 3734 -49 -8
4019 8211 54 20
4020 5141 -56 -58
4021 71 93 72
4022 9395 -34 -65
4023 7212 93 27
4024 7354 -77 -76
4025 3355 28 72
4026 7251 -1 -11
4027 8631 12 24
4028 4647 -62 -52
4029 984 51 27
4030 516 -72 -60
4031 524 95 88
4032 2628 -15 -82
4033 3025 68 33
4034 4330 -85 -69
4035 4149 75 6
4036 9514 -31 -12
4037 6305 82 48
4038 5012 -91 -45
4039 4849 39 58
4040 4003 -62 -45
4041 5382 64 6
4042 8605 0 -93
4043 2382 96 52
4044 2645 -10 -7
4045 4421 59 70
4046 3473 -20 -62
4047 9650 9 63
4048 4880 -1 -79
4049 8585 45 14
4050 5990 -21 -65
4051 6773 99 33
4052 4212 -69 -21
4053 4306 33 43
4054 4208 -50 -81
4055 7131 68 14
4056 7673 -3 -87
4057 7290 70 17
4058 3366 -98 -65
4059 338 5 53
4060 8916 -20 -31
4061 6734 95 89
4062 414 -88 -37
4063 1167 46 14
4064 4351 -91 -92
4065 5301 58 78
4066 3832 -5 -11
4067 8756 29 36
4068 2032 -62 -89
4069 6323 92 27
4070 8900 -25 -27
4071 8526 91 5
4072 1120 -72 -8
4073 9561 81 29
4074 4534 -1 -33
4075 6932 28 9
4076 8133 -28 -40
4077 9428 59 25
4078 8404 -23 -79
4079 2073 40 1
4080 6535 -57 -31
4081 1684 83 86
4082 1699 -38 -61
4083 3983 40 73
4084 6831 -71 -83
4085 1477 61 91
4086 1731 -51 -37
4087 253 99 78
4088 4732 -7 -62
4089 7487 22 28
4090 9763 -36 -46
4091 5674 59 22
4092 8756 -94 -1
4093 4699 82 83
4094 3666 -58 -67
4095 878 92 76
4096 4945 -8 -19
4097 1965 6 82
4098 6608 -18 -76
4099 1530 83 64
4100 4782 -85 -22
4101 7803 90 4
4102 285 -25 -85
4103 703 73 69
4104 3844 -95 -42
4105 8674 74 7
4106 5724 -21 -60
4107 310 44 12
4108 4576 -68 -57
4109 7346 10 66
4110 3362 -2 -86
4111 8596 74 1
4112 5166 -64 -40
4113 2429 81 70
4114 5978 -96 -78
4115 1382 41 24
4116 2629 -92 -71
4117 8693 61 28
4118 3898 -60 -21
4119 4167 73 8
4120 4550 -87 -80
4121 4200 86 73
4122 8044 -29 -24
4123 7177 55 12
4124 697 -16 -3
4125 9355 13 56
4126 5832 -63 -44
4127 2718 10 25
4128 7279 -74 -8
4129 3686 12 30
4130 2063 -99 -43
4131 2217 94 8
4132 5967 -3 -63
4133 7229 7 5
4134 110 -4 -96
4135 222 11 44
4136 5145 -25 -61
4137 7464 37 67
4138 653 -15 -95
4139 464 51 41
4140 8421 -87 -66
4141 5423 44 21
4142 8064 -53 -77
4143 1051 89 23
4144 635 -6 -3
4145 3860 51 81
4146 6452 -33 -75
4147 8781 14 38
4148 4179 -40 -47
4149 707 99 55
4150 3899 -49 -40
4151 1277 90 29
4152 908 -92 -19
4153 1794 91 9
4154 6115 -3 -58
4155 1716 15 41
4156 6260 -86 -54
4157 7025 36 8
4158 7527 -45 -68
4159 5870 19 14
4160 4201 -83 -51
4161 390 5 45
4162 4820 -37 -4
4163 1751 28 95
4164 6323 -39 -8
4165 3191 92 41
4166 8418 -82 -60
4167 6486 35 19
4168 133 -61 -71
4169 2353 24 50
4170 7132 -84 -18
4171 7682 49 78
4172 2950 -85 -86
4173 9420 8 72
4174 6784 -60 -91
4175 415 46 50
4176 6002 -51 0
4177 2490 52 88
4178 3478 -54 -89
4179 3127 89 5
4180 4486 -59 -5
4181 4222 50 32
4182 4770 -21 -57
4183 577 13 25
4184 9116 -27 -42
4185 7102 24 54
4186 1616 -72 -34
4187 7079 27 48
4188 2627 -70 -45
4189 289 56 26
4190 8053 -19 -84
4191 1141 16 72
4192 731 -42 -88
4193 7412 23 79
4194 6224 -87 -19
4195 6278 91 42
4196 6406 -37 -62
4197 237 33 55
4198 9832 -38 -34
4199 1263 48 85
4200 3002 -4 -7
4201 5767 67 96
4202 3498 -32 -84
4203 25 98 15
4204 1338 -99 -53
4205 8583 73 12
4206 3640 -2 -87
4207 3925 5 35
4208 53 -88 -92
4209 3930 19 62
4210 4856 -7 -69
4211 7339 16 61
4212 6558 -22 -14
4213 9530 98 28
4214 5976 -20 -51
4215 1517 84 58
4216 311 -60 -9
4217 7213 78 86
4218 418 -16 -21
4219 322 17 26
4220 7070 -65 -18
4221 3155 95 81
4222 2627 -11 -7
4223 1358 24 17
4224 304 -8 -88
4225 7635 76 90
4226 9542 -27 0
4227 558 58 89
4228 1917 -72 -89
4229 6722 5 90
4230 5207 -14 -10
4231 4045 82 47
4232 3225 -27 -27
4233 3675 75 65
4234 9094 -63 -62
4235 4491 82 68
4236 6989 -29 -87
4237 8807 19 99
4238 891 -30 -26
4239 4779 65 38
4240 7669 -70 -85
4241 8658 22 92
4242 3121 -49 -69
4243 6867 42 79
4244 2104 -8 -32
4245 7883 27 34
4246 2971 -52 -62
4247 8988 23 68
4248 6721 -33 -36
4249 6469 14 68
4250 8944 -26 -95
4251 8690 89 24
4252 9111 -80 -93
4253 4594 28 63
4254 2330 -17 -2
4255 984 45 28
4256 111 -40 -33
4257 1439 3 93
4258 4854 -11 -15
4259 1923 59 40
4260 7649 -92 -30
4261 6579 19 67
4262 4893 -33 -56
4263 8147 4 67
4264 734 -19 0
4265 4162 10 50
4266 3886 -68 -91
4267 7838 93 56
4268 1220 -16 -17
4269 6161 3 2
4270 8332 -27 -16
4271 7498 48 54
4272 1381 -7 -82
4273 5419 2 88
4274 4392 -83 -27
4275 5161 50 22
4276 5103 -42 -14
4277 2926 79 79
4278 1898 -31 -19
4279 6332 21 75
4280 9587 -63 -52
4281 7815 90 31
4282 6219 -2 -58
4283 8888 82 24
4284 6443 -95 -72
4285 8290 99 95
4286 5520 -59 -4
4287 3947 68 42
4288 8793 -10 -95
4289 5451 36 92
4290 1363 -86 -25
4291 9389 26 47
4292 9774 -93 -68
4293 3455 44 36
4294 9424 -75 -45
4295 3710 84 44
4296 8259 -33 -8
4297 7395 11 50
4298 5211 -54 -21
4299 4043 45 0
4300 471 -26 -28
4301 7506 96 91
4302 6430 -3 -78
4303 9196 86 70
4304 6499 -8 -91
4305 6855 7 33
4306 5445 -30 -72
4307 5045 51 34
4308 5565 -3 -31
4309 9433 16 52
4310 6304 -32 -1
4311 4998 5 60
4312 8626 -13 -43
4313 3482 49 53
4314 5784 -25 -72
4315 4691 13 29
4316 1974 -91 -43
4317 4330 53 53
4318 5307 -97 -58
4319 3780 79 18
4320 3800 -39 -55
4321 8982 0 43
4322 5698 -84 -47
4323 7412 30 78
4324 6185 -49 -7
4325 8319 5 9
4326 6889 -57 -8
4327 5048 5 27
4328 4232 -69 -10
4329 3262 23 37
4330 6040 -17 -46
4331 3464 93 58
4332 6722 -70 -16
4333 6062 28 92
4334 8685 -90 -11
4335 8870 60 8
4336 2510 -17 -2
4337 3858 32 37
4338 7622 -87 -72
4339 7767 16 35
4340 5551 -27 -64
4341 6723 32 42
4342 4408 -14 -67
4343 1973 13 0
4344 9276 -27 -99
4345 1467 45 64
4346 3290 -89 -96
4347 878 87 58
4348 3316 -19 -3
4349 9462 37 77
4350 9954 -35 -40
4351 5579 12 88
4352 6761 0 -50
4353 4661 27 13
4354 1375 -59 -55
4355 4087 63 1
4356 8436 -93 -96
4357 2141 9 92
4358 9265 -95 -82
4359 7268 39 63
4360 8316 -47 -69
4361 4389 39 72
4362 9583 -14 -11
4363 4250 34 85
4364 5285 -34 -85
4365 6937 98 84
4366 6238 -33 -7
4367 894 66 64
4368 9607 -11 -25
4369 7599 49 5
4370 6444 -24 -92
4371 2298 70 69
4372 1286 -91 -11
4373 5951 94 31
4374 4532 -35 -4
4375 3227 69 76
4376 5258 -51 -43
4377 7116 16 90
4378 8027 -84 -76
4379 411 84 8
4380 1443 -2 -33
4381 781 65 50
4382 8225 -82 -56
4383 1053 59 77
4384 502 -63 0
4385 2800 57 88
4386 9887 -91 -9
4387 3217 56 29
4388 4256 -54 -84
4389 5049 45 88
4390 2979 -32 -69
4391 9088 17 75
4392 7454 -97 -55
4393 4943 86 57
4394 3872 -47 -98
4395 5927 15 98
4396 223 -84 -72
4397 7014 71 6
4398 5906 -97 -96
4399 4144 87 15
4400 1969 -14 -1
4401 1307 29 40
4402 8380 -49 -44
4403 2333 17 46
4404 7870 -9 -33
4405 1217 55 94
4406 7717 -6 -49
4407 6302 64 85
4408 9514 -54 -3
4409 3454 56 90
4410 2206 -47 -35
4411 9959 3 14
4412 7361 -20 -68
4413 5746 98 25
4414 6914 -30 -32
4415 4305 76 53
4416 528 -22 -14
4417 724 69 88
4418 6591 -64 -74
4419 6179 44 86
4420 580 -11 -89
4421 8908 26 48
4422 9280 -26 -93
4423 8735 78 54
4424 5585 -96 -49
4425 725 80 83
4426 2287 -50 -60
4427 1393 91 52
4428 7384 -82 -43
4429 8482 41 39
4430 1018 -16 -30
4431 6348 49 64
4432 8207 -42 -56
4433 8048 86 10
4434 2919 -71 -40
4435 3856 82 62
4436 67 -59 -60
4437 5630 82 63
4438 5061 -88 -47
4439 3074 58 4
4440 164 -18 -80
4441 1965 94 69
4442 5309 -24 -28
4443 7886 96 57
4444 8636 -14 -51
4445 9102 39 13
4446 2060 -42 -70
4447 7799 86 3
4448 1132 -29 -86
4449 1961 38 75
4450 6370 -94 -29
4451 2374 31 71
4452 3566 -16 -84
4453 8333 39 59
4454 686 -63 -4
4455 9206 99 42
4456 7285 -82 -68
4457 2108 73 20
4458 1286 -35 -30
4459 4880 1 99
4460 4817 -6 -87
4461 227 1 13
4462 7285 -4 -60
4463 878 81 71
4464 6683 -40 -3
4465 2591 66 91
4466 4320 -77 -85
4467 7316 46 41
4468 2273 -32 -83
4469 6678 88 23
4470 4858 -53 -15
4471 1128 98 37
4472 4596 -73 -50
4473 3548 23 2
4474 8971 -11 -26
4475 7779 32 97
4476 3279 -42 -55
4477 2590 90 84
4478 393 -21 -81
4479 4287 10 73
4480 4034 -3 -39
4481 8826 81 38
4482 9392 -59 -69
4483 5718 21 77
4484 9069 -70 -74
4485 624 16 6
4486 6251 -70 -70
4487 4565 84 34
4488 5390 -2 -37
4489 4699 54 84
4490 5443 -48 -58
4491 9868 71 96
4492 3155 -14 -68
4493 1458 14 88
4494 3765 -9 -5
4495 602 2 82
4496 9495 -11 -97
4497 5149 12 45
4498 382 -44 -19
4499 8680 6 69
4500 2151 -89 -47
4501 1159 14 50
4502 2495 -20 -85
4503 6424 7 73
4504 8653 -67 -26
4505 6989 80 95
4506 9233 -17 -93
4507 5952 26 56
4508 4275 -6 -70
4509 426 75 19
4510 2099 -45 -89
4511 994 58 88
4512 1529 0 -62
4513 5982 6 26
4514 2349 -51 -23
4515 9129 50 96
4516 4822 -56 -25
4517 1701 93 66
4518 3949 -16 -54
4519 1385 6 25
4520 8791 -5 -48
4521 8072 38 74
4522 77 -21 -81
4523 5079 4 91
4524 2651 -63 -64
4525 7436 14 86
4526 5384 -42 -4
4527 3016 76 99
4528 163 -47 -26
4529 6420 95 36
4530 6559 -87 -30
4531 9678 6 44
4532 853 -61 -71
4533 6726 48 46
4534 7940 -76 -83
4535 2765 86 17
4536 5577 -34 -99
4537 9637 66 62
4538 6144 -17 -90
4539 8939 36 59
4540 9622 -95 -61
4541 5271 29 98
4542 2280 -67 -28
4543 6484 69 98
4544 4152 -19 0
4545 8589 46 35
4546 5977 -87 -14
4547 8828 50 96
4548 6740 -80 -48
4549 9325 34 38
4550 2229 -26 -71
4551 8663 42 13
4552 8981 -75 -81
4553 2915 4 60
4554 315 -41 -33
4555 2537 45 4
4556 4980 -41 -77
4557 2668 60 33
4558 3975 -21 -78
4559 4541 66 12
4560 169 -8 -84
4561 5262 60 3
4562 6107 -27 -66
4563 3483 85 44
4564 9534 -97 -70
4565 2340 43 96
4566 9245 -3 -1
4567 7864 95 29
4568 6709 -13 -59
4569 7589 68 6
4570 5551 -48 -8
4571 414 22 69
4572 6125 -82 -66
4573 942 81 89
4574 524 -70 -57
4575 6719 30 4
4576 6410 -5 -61
4577 570 94 44
4578 2107 -37 0
4579 4220 85 24
4580 1609 -73 -37
4581 6569 86 71
4582 8588 -37 -86
4583 4508 73 70
4584 8459 -50 -73
4585 1935 68 3
4586 455 -74 -22
4587 3240 88 30
4588 1629 -15 -5
4589 4199 25 26
4590 3066 -91 -73
4591 8890 28 50
4592 3172 -24 -34
4593 3133 30 11
4594 741 -21 -72
4595 6278 0 67
4596 6018 -55 -26
4597 6209 46 27
4598 1932 -10 -1
4599 5346 25 45
4600 1701 -72 -39
4601 3114 41 28
4602 2428 -26 -26
4603 7978 7 77
4604 5264 -45 -47
4605 9155 98 4
4606 3639 -2 -16
4607 1040 3 53
4608 9000 -25 -2
4609 4738 10 9
4610 7275 -58 -22
4611 7522 25 22
4612 3035 -87 -60
4613 350 31 76
4614 3159 -52 -50
4615 7137 0 99
4616 5264 -63 -25
4617 8327 20 1
4618 5182 -21 -17
4619 1497 52 23
4620 8948 -84 -10
4621 184 24 36
4622 4988 -34 -85
4623 2773 63 31
4624 8714 -15 -65
4625 8203 39 8
4626 1766 -7 -42
4627 3965 57 97
4628 9404 -24 -78
4629 2732 72 47
4630 2319 -41 -19
4631 8484 90 58
4632 2922 -2 -83
4633 5017 56 75
4634 9680 -35 -18
4635 2545 84 38
4636 430 -17 -8
4637 9408 60 54
4638 8668 -56 -75
4639 7406 7 59
4640 6154 -75 -30
4641 6669 74 61
4642 1900 -1 -81
4643 9052 49 4
4644 9522 -84 -51
4645 4081 62 36
4646 1643 -14 -82
4647 463 11 81
4648 5258 -24 -59
4649 3387 14 58
4650 3101 -84 -76
4651 1718 72 33
4652 4964 -18 -80
4653 3685 39 81
4654 2814 -89 -2
4655 5276 67 41
4656 9703 -24 -73
4657 1406 34 12
4658 4132 -49 -74
4659 1148 93 96
4660 9878 -80 -1
4661 2259 66 46
4662 103 -82 -6
4663 9710 78 40
4664 6564 -68 -73
4665 95 23 84
4666 3066 -65 -81
4667 6690 54 80
4668 5363 -53 -7
4669 6958 44 84
4670 9463 -71 -83
4671 7797 67 34
4672 4802 -3 -65
4673 1860 52 4
4674 6852 -12 -39
4675 8404 25 7
4676 2335 -56 -77
4677 3331 15 57
4678 4965 -39 -79
4679 1372 66 46
4680 2721 -80 -90
4681 2991 30 48
4682 155 -2 -67
4683 5593 17 97
4684 210 -27 -25
4685 5420 24 8
4686 5471 -22 -31
4687 1906 88 64
4688 7367 -14 -74
4689 4182 0 88
4690 387 -34 -12
4691 9949 49 43
4692 5500 -44 -57
4693 6885 44 45
4694 2598 -53 -26
4695 5639 98 41
4696 4338 -23 -68
4697 239 68 44
4698 8830 -88 -14
4699 876 92 45
4700 7888 -44 -94
4701 8264 1 5
4702 2854 -29 -28
4703 2164 64 75
4704 8320 -10 -58
4705 6120 73 20
4706 8142 -75 -64
4707 899 91 58
4708 1051 -34 -23
4709 2744 22 62
4710 6335 -74 -23
4711 762 47 27
4712 612 -90 -12
4713 5224 62 5
4714 4582 -6 -6
4715 9710 3 62
4716 4893 -16 -73
4717 2730 53 84
4718 5454 -6 -43
4719 7299 79 75
4720 7461 -65 -94
4721 7902 19 68
4722 8355 -89 -56
4723 2147 27 52
4724 7438 -6 -28
4725 2245 52 76
4726 7089 -81 -86
4727 6709 51 82
4728 3104 -17 -44
4729 1150 1 42
4730 8981 -22 -17
4731 4695 32 63
4732 4813 -13 -97
4733 3833 94 69
4734 3706 -18 -41
4735 697 92 89
4736 9598 -54 -92
4737 4657 13 51
4738 6242 -29 -84
4739 9644 83 12
4740 7730 -12 -77
4741 2230 68 41
4742 5990 -38 -22
4743 1432 61 18
4744 7130 -16 -3
4745 1983 92 23
4746 9297 -51 -20
4747 3558 60 91
4748 5171 -96 -63
4749 6439 83 50
4750 9140 -13 -73
4751 1284 52 14
4752 1134 -96 0
4753 3834 71 1
4754 9953 -93 -87
4755 6504 31 93
4756 4221 -8 -91
4757 3900 99 36
4758 6435 -55 -15
4759 5029 14 61
4760 320 -3 -49
4761 5831 85 0
4762 759 -75 -91
4763 6517 38 54
4764 1253 -19 -20
4765 7791 84 92
4766 4782 -50 -38
4767 62 22 81
4768 2642 -55 -55
4769 8244 1 48
4770 2449 -45 -31
4771 9122 60 81
4772 6721 -29 -13
4773 483 86 77
4774 3998 -26 -80
4775 6433 87 93
4776 5966 -86 -9
4777 7371 22 87
4778 2950 -61 -52
4779 9491 46 22
4780 303 -97 -23
4781 3394 72 5
4782 7941 -95 -10
4783 354 33 58
4784 9205 -89 -94
4785 9225 5 36
4786 8283 -43 -58
4787 5682 22 17
4788 9891 -88 -67
4789 9722 28 69
4790 6023 -18 -68
4791 729 83 16
4792 725 -2 -78
4793 9069 47 40
4794 1878 -48 -37
4795 3256 1 27
4796 7024 -1 -51
4797 8513 0 74
4798 5342 -26 -11
4799 1312 5 71
4800 1939 -63 -76
4801 821 88 61
4802 5420 -53 -96
4803 9566 67 80
4804 996 -80 -17
4805 9469 28 51
4806 5220 -42 -11
4807 7196 72 80
4808 7425 -21 -72
4809 6348 34 61
4810 8621 -74 -45
4811 992 16 18
4812 6838 -35 -18
4813 5947 55 47
4814 9717 -70 -3
4815 9097 44 80
4816 5966 -89 -54
4817 7551 23 19
4818 6576 -60 -56
4819 5193 52 11
4820 5965 -8 -15
4821 705 36 96
4822 4137 -40 -8
4823 5224 85 9
4824 6116 -66 -71
4825 3242 37 14
4826 9489 -85 -57
4827 784 65 83
4828 731 -50 -43
4829 4741 43 2
4830 8611 -39 -3
4831 370 70 10
4832 2463 -42 -83
4833 6248 69 2
4834 6610 -55 -93
4835 5255 0 35
4836 9408 0 -42
4837 3829 91 77
4838 3912 -35 -11
4839 8978 63 2
4840 5603 -14 -62
4841 8016 94 54
4842 8121 -43 -59
4843 5647 49 78
4844 9553 -58 -13
4845 4021 41 70
4846 4626 -42 -75
4847 8219 71 1
4848 9461 -70 -93
4849 1887 53 41
4850 7106 -71 -53
4851 3851 80 94
4852 9323 -50 -91
4853 1453 81 58
4854 5543 -17 -60
4855 8501 4 66
4856 1466 -63 -50
4857 5538 2 3
4858 9607 -95 -36
4859 5514 1 44
4860 2147 -64 -83
4861 4958 68 96
4862 1897 -38 -55
4863 3645 69 43
4864 4760 -45 -97
4865 8390 38 70
4866 5610 -45 -35
4867 8377 94 37
4868 4334 -58 -16
4869 2688 76 80
4870 7017 -15 -69
4871 2449 61 75
4872 7404 -47 -37
4873 1638 63 56
4874 7973 -11 -68
4875 7390 13 75
4876 6585 -33 -2
4877 2268 62 61
4878 3937 -99 -26
4879 270 57 79
4880 4517 -76 -58
4881 7517 21 32
4882 2164 -11 -93
4883 8680 19 11
4884 133 -12 -2
4885 1862 81 6
4886 9813 -77 -56
4887 8486 54 11
4888 9199 -37 -17
4889 3867 71 1
4890 5132 -64 -20
4891 3593 3 19
4892 3513 -47 -63
4893 5052 60 73
4894 9587 -16 -82
4895 3764 16 14
4896 4978 -14 -45
4897 750 47 93
4898 8134 -30 -96
4899 8816 83 74
4900 1087 -10 -69
4901 6064 29 63
4902 8854 -67 -76
4903 6642 65 14
4904 1222 -37 -64
4905 6561 82 50
4906 6054 -30 -82
4907 5882 43 35
4908 912 -11 -96
4909 38 58 47
4910 9719 -83 -25
4911 3713 63 8
4912 3511 -70 -54
4913 7515 43 17
4914 3441 -62 -80
4915 5704 60 39
4916 6584 -31 -90
4917 3109 59 40
4918 3356 -99 -62
4919 6525 44 19
4920 5293 -44 -30
4921 8932 82 46
4922 4320 -28 -63
4923 4177 36 78
4924 7871 -46 -22
4925 3229 15 56
4926 8792 -15 -38
4927 4136 84 67
4928 5780 -50 -56
4929 7784 94 21
4930 2983 -81 -8
4931 3962 1 21
4932 2986 -40 -61
4933 7990 97 94
4934 4710 -46 -30
4935 7804 8 34
4936 6762 -51 -25
4937 8480 30 32
4938 4025 -77 -71
4939 1638 66 35
4940 3636 -15 -87
4941 9660 39 96
4942 6331 -87 -53
4943 732 53 78
4944 6740 -96 -42
4945 4334 93 51
4946 7405 -26 -10
4947 2864 65 5
4948 3277 -17 -7
4949 8511 80 95
4950 4201 -86 -38
4951 2221 14 66
4952 1270 -77 -49
4953 8288 23 67
4954 7384 -40 -49
4955 4973 77 25
4956 7926 -42 -31
4957 712 4 1
4958 5057 -45 -2
4959 478 71 99
4960 1065 -65 -8
4961 7774 29 73
4962 6127 -78 -94
4963 5690 27 55
4964 9315 -96 -55
4965 2262 95 32
4966 9980 -55 -80
4967 799 84 57
4968 4051 -31 -55
4969 2344 66 21
4970 2602 -69 -22
4971 6488 59 40
4972 1020 -40 -22
4973 2595 77 98
4974 5867 -96 -46
4975 348 97 88
4976 9897 -32 -26
4977 4316 51 16
4978 6209 -49 -27
4979 7987 13 56
4980 6676 -47 -33
4981 1542 96 85
4982 4963 -47 -90
4983 7955 78 44
4984 769 -52 -52
4985 1924 14 43
4986 3590 -77 -40
4987 4254 95 24
4988 6145 -80 -61
4989 1968 86 56
4990 8559 -73 -10
4991 988 35 83
4992 8526 -95 -56
4993 3607 0 23
4994 9098 -63 -21
4995 7603 66 96
4996 7008 -46 -19
4997 2624 84 61
4998 1836 -16 -4
4999 5703 57 98
5000 4553 -47 -54
