760
6064
1571
5615
8349
835
6283
3482
2518
6123
7310
6871
4925
9338
9883
9203
2911
5653
1018
1650
3496
9265
5329
7238
558
273
2555
1547
7237
3251
625
7409
4730
6827
5363
2734
5850
8875
1347
3992
6460
682
3818
5826
2962
8120
1974
6955
4409
9670
5068
4934
5807
1901
1437
8032
2160
5419
3694
2398
8868
2596
774
713
8182
2782
9804
5037
3960
3921
1743
4756
3386
9977
4073
444
1378
537
4105
2644
1720
7580
9881
2386
1219
2364
7962
7747
845
5189
9334
9375
7762
2571
7079
39
4847
4535
9521
2223
6637
4490
7058
6367
2235
8445
342
1057
5151
6425
7073
3598
3877
6020
6465
699
9618
432
6361
3324
5963
3529
662
9663
6603
6734
3634
9439
7953
1120
2329
13
9876
7665
4094
7920
7072
4365
4803
2302
8647
7209
1004
2366
4527
943
6094
6928
5859
1461
6140
2669
7232
2337
3665
2675
7957
7326
931
650
6901
4917
180
8128
1862
4110
9305
9704
6849
114
2932
5238
4838
9846
685
6219
9902
2681
6829
4563
8820
7619
3213
9622
7189
4436
5846
8788
2963
1235
7292
7213
7249
2437
3066
9909
6212
6403
1932
5386
6545
2677
8921
284
6221
8374
7148
4610
8257
5442
7588
5066
2565
7008
5313
4673
115
1152
3399
8194
5084
5407
158
210
9910
3605
4712
4047
2367
7089
4069
1096
9746
9018
5124
7057
4322
7613
4948
3203
8617
5874
6529
368
1748
6459
6116
3524
1570
8052
4699
1874
5713
8414
9081
1101
4232
4608
6871
1998
8428
7767
490
121
875
7533
1069
7245
557
6034
9690
4359
8707
8920
6156
1879
4798
7286
680
4432
6974
279
1039
1581
2333
2478
7707
3828
1324
6716
6637
1832
4884
3485
519
40
1704
1753
4409
7402
3398
7824
4262
3797
6647
6652
1165
4384
5422
5369
9402
3025
2007
6506
5253
9571
9974
4487
7226
8937
1335
9546
6673
4384
9789
8212
5965
5415
8010
5438
8225
2725
5922
9719
3948
1445
3133
7216
9985
1127
8637
1053
4762
3546
8621
7552
2839
4094
2594
9471
8496
4453
21
8781
5784
5222
1493
1797
2780
2090
1047
488
2014
4805
4646
4529
3360
5867
5223
4662
7317
7870
3897
8772
4358
4649
7077
2685
1339
945
3875
3912
8669
1293
5291
4892
1482
9102
872
6822
3571
700
865
4340
4297
1850
5261
5494
6324
979
9029
4070
3482
6050
5341
500
5067
4776
4285
3033
3774
2195
8491
8
6347
4776
1055
1443
9351
3015
4992
9992
3672
7252
8398
4786
1169
312
6974
4185
3537
7130
785
6219
2622
6401
836
3179
4077
3528
7827
8195
1653
5055
8769
666
8015
8131
242
1936
8249
4500
4289
6809
94
2525
4289
520
7763
9200
6764
6092
1212
4736
2258
5310
7560
7747
755
4337
5494
6420
3955
9946
225
1794
1993
8359
7503
696
600
1820
2446
1813
4318
667
7788
3235
8871
6461
365
3875
7347
6968
3998
5654
896
5806
4791
6883
5768
5731
9462
1959
6275
1757
4416
311
106
42
5750
7323
4186
5852
7422
4051
8041
9848
3916
8491
7875
2221
5923
6395
2086
7176
8255
9618
9317
5239
8290
6961
9475
3805
4804
604
1302
2469
2333
5275
3149
2333
1907
9733
2363
1380
7194
9000
8996
9032
5135
8640
6868
3094
1375
2954
9545
1798
9989
2605
680
2226
531
4281
9743
4249
3811
8664
4422
5173
7451
1964
3197
5887
1179
9750
3065
2108
8903
7834
6093
1965
3418
1311
5599
1336
7717
5699
8521
4470
4522
5954
6234
964
1717
6757
1582
727
1871
5943
7821
2757
29
3767
4416
3608
461
4195
1001
6684
6954
3048
4698
3782
8325
751
2822
2334
6150
6380
8710
1253
1271
7239
8833
2166
9099
5732
5083
8830
8582
6279
3683
1061
4399
9871
4531
8657
6504
722
9797
6026
9677
6283
1498
570
7532
3066
5203
1125
7821
2878
6140
9418
9312
8271
5825
5050
2053
2798
6213
1837
461
5424
733
9352
7875
1718
6214
6529
5094
6616
55
5227
5049
3891
8587
508
9913
2876
4836
3783
960
3061
9191
2356
1207
6816
5982
5102
5916
9326
9141
7477
6636
5077
33
3648
6904
2487
3835
5740
7856
6888
8792
8978
6076
3741
3545
7063
2595
8996
517
5554
9866
1897
109
8930
322
5259
1285
5332
7862
5004
1952
5916
2476
9009
883
6322
5388
716
4224
3820
5389
4690
2006
6264
3133
4425
6024
4455
8260
5014
6553
1749
6263
5087
5738
4592
9883
8795
9297
3685
1223
3868
3702
3013
4956
5376
3705
1044
2123
3414
2771
9728
4198
5336
7587
6201
9669
8688
8600
7897
220
6956
4811
3660
1717
8715
7248
9068
493
1807
9162
8866
8447
9123
5925
4697
4013
2793
6496
3165
9972
6748
5906
3816
5829
7473
4072
5427
8606
3592
9465
43
4605
8523
1055
850
3586
7008
3489
766
842
2879
5610
5365
5242
536
877
4901
4087
57
5638
5963
7064
6800
7463
2563
803
4025
4813
5077
8315
4117
7368
4709
8691
3914
1964
6377
251
7323
3478
9948
6202
3738
6193
4119
7459
2727
169
4698
7517
8514
2579
9356
9936
631
3919
222
9539
6361
1233
3253
7934
9448
7380
9125
9952
8281
2499
2353
3813
645
3469
4923
2173
4413
8027
3083
8528
4931
7213
8138
4567
3951
3415
6103
1548
7573
1947
3330
6296
4434
5597
3411
5355
2633
4071
7813
5357
168
672
1643
2058
4092
5776
384
8907
930
3014
1814
9528
5481
7556
5638
6140
9906
5310
4029
7134
3553
6192
8711
1165
2810
903
5006
8891
4133
7636
2404
6234
3579
3546
123
4564
8906
4803
6616
8954
4347
4109
9026
5953
2031
143
4829
1643
9788
6997
5295
4617
3377
2645
4997
7887
2436
3626
8936
4189
9415
908
8054
44
7680
2540
6799
8160
347
1736
3891
3719
3895
136
5578
563
572
1182
2856
7883
5040
4603
3154
3042
5143
6118
9580
4490
2306
7802
4546
4639
3012
9134
9644
7227
9114
2571
9821
4569
3316
3333
8163
957
7482
8613
176
7055
2100
5436
7516
5164
4812
5697
8938
4903
3829
9540
249
9163
3863
1309
6385
5376
8709
559
9921
8348
4974
7377
956
6580
9824
7384
5768
9417
3169
3405
7171
9727
6739
3309
2299
4908
8606
3762
8635
2721
5701
7871
330
6214
4061
2838
9646
6782
6060
1645
7829
9992
6606
9839
6976
5955
2784
9654
6540
400
5414
1005
7133
879
1622
6998
5697
7397
338
3195
121
3325
4373
5619
7947
8358
5623
6720
3159
5239
7990
8223
8247
5151
1995
5585
4947
5142
9987
7824
5347
8847
5466
8324
1076
6614
6451
838
1213
3635
2355
167
1674
3279
7255
5369
6505
1921
3609
847
5393
3919
3980
9359
7164
8856
2405
1159
3643
6708
5198
1001
7707
3244
7554
5989
4376
2582
3160
1329
5192
8657
1839
2294
5493
6900
1973
6955
3066
6437
5091
5514
1343
1353
8721
2479
8226
1738
6753
6249
5421
5242
8578
5264
7723
7840
5413
2505
1259
7337
4367
2924
2659
3632
2602
8936
1599
5011
7520
3160
5743
9970
4470
8521
3133
4327
3758
2223
1043
691
8567
6256
8709
5967
3444
7400
7839
6394
2135
4750
6297
9711
3371
6177
5040
4548
6985
5895
9427
9311
2375
313
8800
3616
3386
9375
7889
6281
1215
2553
4091
5625
558
1324
7455
6008
5567
9347
6227
5191
2507
1744
1860
9497
1504
7004
3110
2439
9105
5043
1341
9990
5092
7545
1860
8584
867
8402
2896
1772
2415
7145
6067
4643
5722
6219
8278
7750
7599
440
3309
5897
3520
679
6280
264
2757
5972
5824
5613
5660
2821
4340
6285
4413
7246
1947
1388
6331
3545
8683
7607
4886
4153
63
7692
5703
8941
4131
4393
5795
832
8637
4108
4835
7891
2382
3865
9614
1479
6924
3611
3178
2310
5624
1408
6297
8673
9890
1878
3956
8219
8817
9006
3749
5134
3873
3850
6142
5495
504
375
1874
673
7570
4919
9852
4598
9440
126
8457
3373
417
743
6208
9034
6438
309
7329
4644
3614
5490
6020
3709
359
9443
4574
3674
7039
926
7461
8299
8404
8767
2873
3726
8895
982
7376
9689
7636
2829
4501
7953
7072
8634
5198
8095
6313
1359
8367
34
6915
8701
7826
4226
2848
525
991
8689
1571
4886
9335
6900
5172
8725
4974
1467
1343
2940
8008
4601
8977
7924
712
2363
8992
8052
8567
2308
6900
6376
4313
228
3302
4881
9747
5700
1210
7773
6812
8448
3739
4012
8970
8259
8914
4799
4600
814
1175
2042
3203
4620
1230
2909
1952
4944
9764
3709
5464
9100
7084
5206
8991
5438
5043
717
7686
5487
894
4133
7324
4385
7680
568
1642
5420
7669
4260
2355
1162
7300
9537
2396
9081
2740
1759
6587
8876
1992
2507
4969
8903
2622
1811
3926
7707
3647
1182
3716
3860
3825
3739
8123
7940
9323
2683
2454
9711
7767
978
7729
3744
9126
2004
7950
8297
6305
8805
1819
779
2114
430
1717
7774
9977
1411
875
9324
4474
3521
2880
6718
9868
6080
7404
4307
3299
1572
2896
3934
4452
1054
3186
1317
2943
8175
5947
9903
5199
5401
7984
597
157
989
1126
9893
1596
8433
8725
428
9312
8107
6437
3819
9171
3015
4716
4965
6109
509
3930
9670
7493
8326
2056
8886
2853
6921
6659
1556
2158
2012
9343
8635
7955
9568
5520
5022
6091
3435
3757
9851
5658
46
3671
4760
5080
1406
5643
4791
805
4428
850
5109
2110
7927
6914
3932
5370
2820
5395
9395
8839
8735
2018
3288
7000
1412
6896
3633
8998
2128
9133
9256
805
3480
292
7526
9752
1481
155
4326
8850
6647
3506
1235
2788
7955
6066
1826
4779
4014
8943
6720
8268
7453
8454
6250
2420
8271
4599
8356
7000
9759
3011
6680
8722
9305
4433
5599
3577
5805
7294
5760
8762
1621
8602
3185
2014
1423
1868
1182
7556
8026
7040
3295
2793
4909
7045
3615
5131
9717
8428
8317
9496
4623
2504
1710
8106
2740
1679
1165
6696
123
4452
3781
1752
617
5486
1154
4606
5677
2234
3924
4121
8721
3542
6731
1462
5783
6534
1858
586
2359
2359
5244
9610
9673
2494
9382
978
9417
2826
3347
3734
2637
8843
6293
5057
8093
9182
9261
1543
3747
7369
1989
4061
8079
6400
4228
2792
6664
9849
3170
580
5979
9054
3579
4093
9495
3630
359
4806
3624
7030
9550
3748
8373
4687
2688
8163
8295
4179
9056
4742
7684
7837
3126
4881
2442
1758
8825
8788
3247
1376
763
4240
6159
4769
6786
6248
319
4790
2622
6140
7857
1450
358
1112
8351
2471
8620
5800
5096
9531
7793
3485
2444
8667
8150
934
5797
3835
5098
9622
7935
5355
5021
575
926
8743
1081
4719
6835
8456
6821
7180
1141
3925
406
7551
7098
170
5563
5885
7675
1076
285
5656
734
9274
9352
230
9660
5118
5914
1533
9100
2672
4609
521
6398
4099
4652
9031
155
8874
9711
5818
527
5243
8579
8102
2195
7712
1625
8918
7394
6027
8127
4931
6761
8726
4990
6535
7481
3343
3802
237
5581
6073
6499
4496
1228
2961
7121
6076
8334
3770
4311
6550
6730
7301
5917
3492
8350
9516
1108
5159
8345
1893
5328
8969
2270
5954
4016
7034
3461
2173
1311
2285
5632
4751
1348
9684
6853
8218
2750
8268
2878
7144
8283
6878
9234
7044
3117
6189
1251
7210
4878
6686
4623
5455
7725
5179
2792
145
9832
9914
1920
7558
5704
9648
2887
6010
3196
7781
1080
4407
8535
6865
200
9504
9117
6046
4199
1763
3237
3570
1366
439
6222
297
2294
5349
6779
8828
6268
4345
3355
5382
5683
3724
6506
7807
8730
7310
9835
7779
1046
3240
3745
3597
1312
1927
3077
9417
9773
2841
1218
5581
1167
7875
5167
5815
1399
2683
4200
3934
8151
227
2217
6512
6795
6416
1840
7732
7309
3992
5021
5812
928
4967
6460
5086
7177
4349
9925
973
184
6438
5784
5369
8995
8964
6718
8673
1791
4670
9992
7343
1862
7603
7289
1987
9339
2202
9928
3739
5824
463
3487
692
8357
1818
3770
3012
7505
898
1571
820
9344
5301
5607
3536
8511
9482
214
8624
7522
9789
4317
7187
1001
4294
1526
6056
3954
1759
5369
9183
6825
9326
1267
1136
5068
512
4176
5694
9055
4009
522
1931
1957
4832
6901
570
6934
1328
6038
3015
3310
3967
2055
9957
8260
2973
2150
3099
2247
3074
6889
8010
3662
1977
6255
43
3556
8684
1948
5375
9856
4088
3663
9497
7489
259
9621
1097
7248
1337
2412
4709
1685
37
2139
2944
7646
3937
6693
2217
6029
2854
481
3907
4550
8463
4319
8607
4832
579
739
9596
8875
784
9338
2188
7247
6229
9288
2055
4503
6882
9361
5815
9684
5972
4335
845
7184
6212
5142
6326
385
5354
2477
8983
1349
8614
4185
5786
7381
1048
5464
103
8372
6993
5627
6023
1564
6509
5534
4987
2072
2835
2693
4545
2680
3351
1443
294
54
5133
5554
5975
6738
3845
4429
8632
8841
747
9971
8496
7310
1070
8112
1183
9154
6922
2717
5704
705
8849
3705
5653
8381
2857
2436
3915
8697
818
3049
1456
6467
3476
4339
4631
8204
2749
9661
3570
9291
7407
9756
8809
3917
3265
7698
8077
6705
2851
7952
249
356
4980
9380
3403
6571
938
2161
7759
1682
8396
1640
2564
267
4567
4749
7846
3763
137
9337
3221
5847
5030
8220
7521
1723
6268
2987
6098
5024
8310
3522
618
1919
1600
2712
872
3629
5867
4076
6968
1418
7245
7019
810
9722
3081
9248
5217
5626
9353
4393
9330
6403
8346
9831
6467
6001
9050
1660
7602
2261
4467
1050
4396
8711
5732
5657
7718
917
2312
2318
4418
6409
3122
8020
2962
801
3563
287
6358
4528
6223
6121
1274
9996
8763
8231
862
2298
8051
8602
8415
9643
8425
3069
7624
2031
1667
7013
6108
7780
3157
8117
9313
4892
1642
642
698
2282
1134
732
8632
9494
8654
2636
2322
4981
7186
21
7797
4392
3380
1656
9131
3364
3355
7703
4503
2126
1920
6512
9085
3988
2801
8925
3865
8774
26
6042
601
8056
2393
434
4683
8861
8779
5687
4018
2742
5093
6368
3139
6638
7601
4215
8947
9030
8958
9243
2233
7744
2786
1883
7993
3388
8473
3713
8568
403
7969
3251
5095
5637
3544
2530
7364
8441
3766
9276
8621
7138
8110
1376
6297
9612
672
2902
7001
7081
4193
4379
701
550
7535
7788
6157
4686
4011
1700
1304
3636
6723
8615
8345
328
3352
801
2212
9469
3821
1059
2420
3795
2436
1993
1280
6932
979
5460
4926
2413
3900
4947
221
8767
9393
2052
2802
8671
2586
7206
5756
5603
9554
7173
219
4204
8818
1278
8162
1259
4681
8498
7777
4025
5124
7372
6022
5379
8835
8102
5480
2190
631
4812
2601
2735
1078
9619
463
3181
9959
8368
1449
6413
6403
9745
9334
6244
7957
3425
3729
322
5066
1367
2901
1892
338
9908
5509
752
5184
2985
4248
5559
9554
1101
9594
9944
267
1038
5713
7007
6954
6891
1136
3400
1359
814
4532
6610
3243
5259
1465
5041
9819
6959
3168
2255
5462
416
5606
9150
9354
4815
7330
7674
391
3549
8189
6746
8380
7816
9634
3292
2789
1090
5028
1976
2179
7804
2009
932
570
4250
7249
8359
8042
1768
9523
2123
8004
176
7305
3464
5246
6560
1394
2970
6657
3767
9546
6366
5012
7472
4443
7973
117
5989
4820
2835
2472
3745
410
4391
1310
5327
4885
3908
5819
5635
2433
3479
1363
7824
1832
9905
2876
5141
5640
5854
7811
7322
6164
3366
7483
534
8173
7807
5307
215
4193
680
6603
6445
8764
5191
4546
4456
4642
5015
4878
6857
3069
651
5140
8927
6999
3112
4741
9376
8315
7900
636
3813
3678
3098
5889
3103
2242
1464
336
966
7276
8464
4223
5417
4847
9198
635
6112
5983
6222
4043
250
8441
8749
8727
2920
7688
3753
8638
7541
5092
4185
9877
8182
3628
2738
4105
823
2374
9177
1344
63
4110
1696
4137
3605
7962
491
17
6766
4908
4262
1483
6574
5361
4939
5804
5172
7510
1966
7562
9691
2000
6600
8055
8328
7739
2179
6366
4805
3449
5746
7010
8934
9338
904
6421
7693
9075
4186
2412
1974
1193
8483
9809
8073
5521
9641
3298
6216
6670
5282
3564
5246
9794
2042
4839
6490
9450
9109
1618
9869
5972
42
968
981
4842
2649
4774
4557
4374
2865
7692
9463
5946
680
6664
962
1025
2622
5901
3251
3871
6405
8398
9782
6450
6566
484
4417
7530
9950
5619
8763
5038
2644
5099
9939
8110
4584
1158
9689
7366
345
8967
4136
5936
8178
8837
4510
6658
9316
5908
5393
8710
2884
8427
9846
6623
5286
2102
3769
3824
1294
9412
3823
1093
4431
7190
1584
5944
7452
345
2085
8312
6488
1454
8795
354
7210
8606
9556
619
6519
6457
2538
7175
4587
7860
6666
5144
2264
9703
3127
9087
7329
7411
7545
8484
1482
2621
7662
817
7823
8356
3090
2085
7011
7457
5194
6634
499
7010
3264
4893
555
4512
725
7387
9496
4996
5683
7769
7895
9879
7331
2055
1538
8522
8397
1196
9643
6171
761
3891
9410
8865
3396
3711
6794
1218
9988
1630
2612
3385
257
7310
7972
4927
5333
9166
5560
149
9441
4709
419
102
7431
2426
2160
4422
2129
9488
7996
241
6971
584
7987
8765
5586
9878
4563
4590
4959
1466
4526
3471
9610
3088
6965
6944
584
674
2531
9864
7402
1499
918
7362
4382
1025
3768
6511
3351
6668
4019
7355
6808
9299
832
3678
7177
5689
1400
1475
7635
373
2017
5185
9025
9333
1686
3820
450
2797
1338
114
6937
896
5780
5471
1890
9791
2593
160
9061
3909
6836
6896
2311
667
515
4655
7663
3162
3307
3473
676
7336
5593
9189
8830
8903
6422
2186
4799
2589
7408
4755
8932
431
3768
2815
5111
9683
292
8975
9851
9023
9214
6338
4174
2187
6681
3547
4168
7114
8379
5874
6898
5185
9474
964
3465
7285
9701
9411
6256
5766
1880
1691
3119
7459
3514
4857
6547
9388
4295
5629
4496
3513
4446
5419
3500
856
529
7952
9359
4992
4723
6916
7978
3889
418
2492
8478
5089
8925
3338
3778
3018
204
482
8737
9399
8091
7410
1090
1493
4281
8431
288
6728
2183
8421
498
1188
170
9382
1927
6179
1844
8320
6973
4841
9953
3589
1650
3582
6498
7372
7331
5790
7147
4823
990
5107
6003
8905
5639
6111
6856
1524
6415
2927
1243
4785
964
5446
6047
7538
5262
6140
2268
8481
1066
7192
74
7803
4906
4245
7406
1796
2593
463
985
2244
3883
1489
8275
1938
5472
9638
5992
9369
3138
8041
2513
1981
5926
8637
1888
8700
6839
7791
7385
8103
2257
9791
71
6911
2523
1811
5221
880
2621
772
279
6243
5695
7427
6491
2227
5931
6157
6512
8600
7808
7730
1283
3260
568
1467
7455
2909
7058
6426
5190
9507
4407
3730
325
3790
4975
6129
5527
8817
1282
19
1224
7840
8826
7722
3265
5214
668
5551
2728
1156
9043
8928
2492
6172
6612
4564
8881
9597
5359
795
9214
2257
4407
991
6396
6271
7290
6566
1234
6099
5944
8104
3294
8762
2087
4738
5172
5052
1440
8383
5129
1012
6425
2997
3635
7443
2186
4551
5806
8717
4053
8712
7173
9366
88
5393
8089
5742
476
6517
8013
4671
2109
3301
1840
2051
8482
6088
3650
5129
1482
5266
2430
7326
9644
8248
1075
242
2959
8952
3865
3631
1125
5969
3035
3638
6741
4648
127
2125
4617
9787
9329
1017
5866
9132
4389
8520
7448
8744
9403
7885
2562
4913
1970
1296
1775
5920
1790
6391
6752
2533
7119
7500
7537
8833
8251
2116
3428
8245
7504
5141
3556
9801
1628
6852
5218
7998
9942
986
5782
9111
3980
1167
4543
3829
2485
1284
3895
4220
2760
4827
7457
3887
6393
1513
211
2589
3932
1058
5266
4321
7508
7172
3448
9823
9344
2095
6666
8935
8522
4323
6605
9064
7831
8700
4285
7388
4021
6175
4173
6956
6085
1051
7963
4503
5763
8633
6420
8818
950
4861
7499
9688
2655
3544
652
2064
9471
2321
218
7402
5313
8402
2904
1263
7423
2500
470
2159
1487
7948
8819
7182
9945
1942
611
1096
8058
6437
395
5838
9598
8006
8868
7578
1768
8516
2839
8967
1960
8184
4539
6441
2534
8264
2024
8230
4144
967
4930
6566
3832
5251
4157
2284
783
4201
7749
3711
8882
3875
7901
6589
1894
9492
4822
4395
9638
9260
1961
8080
4991
4520
4289
6187
598
9566
7215
8847
9524
4081
1131
4755
9669
9998
9260
2001
625
1886
277
1473
183
7252
8679
9947
8818
1524
7944
9455
579
6427
9971
4925
9479
8889
8117
8270
7725
9233
6872
257
3044
3382
6032
6689
8013
8290
3736
6113
7020
1493
4896
5702
9870
135
9894
1732
920
670
3599
4267
2210
4583
8922
8086
6400
8298
578
4858
8108
3006
300
2017
4337
2824
3626
9390
9157
6451
3662
3918
348
593
1857
1382
3815
9841
4161
1003
5253
4316
8567
7507
4290
8617
1638
3302
7492
1361
9448
6330
5024
3970
8124
4448
4691
1800
7698
1405
7610
8619
9718
3171
2367
2966
4661
4181
764
3524
4102
1144
7756
3109
4096
3838
9281
4431
4360
802
9577
3067
265
1190
9967
5034
3685
8742
5450
34
72
1160
2045
4930
2022
1976
6010
9061
9240
2684
5226
3909
4392
4008
2599
7583
942
792
815
2411
7832
309
8329
8185
7590
5171
7489
6728
9226
5486
2296
9492
2058
5755
2967
2252
8476
6797
4865
9693
3392
2553
2904
5204
1932
4729
5863
467
8113
5454
2949
9252
6209
2814
7368
9787
7770
2959
6196
3343
1271
1407
9399
9520
2437
3814
3215
4015
2057
928
9546
6775
9336
997
703
8819
7384
3284
1513
9910
799
5517
7306
4453
5348
2438
3596
4029
604
6169
1801
5315
2915
3067
9523
8451
3293
1024
7982
9542
8256
9152
1905
3988
7306
8798
1923
4067
2634
326
3704
5770
8415
9413
6692
5715
2142
5570
9090
5544
5871
8573
2282
2230
9320
9107
4748
7217
4029
989
2587
2040
2100
2989
3714
1876
1992
7011
5708
2528
5679
8926
4659
5691
481
3194
7137
7041
1841
222
4174
145
6954
1473
2750
779
3998
1188
7844
7443
3506
8316
4170
9176
4491
8535
248
5150
8380
4806
5773
2776
2092
6067
4108
2959
819
884
4409
9272
8807
1657
6005
9631
8219
4357
1960
2164
6931
4914
4655
614
8479
8201
5819
4201
9673
1575
6255
7863
5005
6400
205
6279
4006
7509
4284
3044
2618
3249
6765
5519
6571
3329
789
7783
8035
4739
9489
402
9493
4073
1504
8273
278
1677
8716
8428
7579
5119
8988
7425
3091
4444
8305
633
9840
5930
6632
2934
5198
2760
7049
4953
2777
1464
2786
2549
8362
5235
9592
4793
50
6326
2672
8164
9207
1201
4903
4882
4703
2946
9567
990
9277
5127
2702
5337
7696
4410
6986
5831
996
6653
3463
518
4740
9590
9816
4562
7583
8244
7169
7574
1007
3458
7462
6897
3011
7693
4507
872
8214
5539
9767
2848
4748
3017
9347
7905
3421
7529
345
7351
1700
6470
63
6555
4503
4317
9649
6756
8734
5587
8051
3740
9583
4183
2605
7260
3722
8599
17
9479
9551
9481
187
4213
9349
3368
8655
5458
5375
8172
8625
7592
6982
8671
1817
572
7294
2311
5
9003
3246
664
3083
2225
1167
1282
5918
2408
3796
3186
675
167
9694
9327
2267
2705
3373
525
5105
20
2313
3841
7364
3572
9758
6846
856
6114
3289
9418
2346
5877
6346
1007
6631
6265
165
8417
807
2631
4639
5449
874
7692
7334
5934
5729
3702
5038
9463
3306
1155
4213
3383
104
4065
5382
247
5361
761
2960
406
4250
9627
6778
3945
459
2416
4267
8421
5438
7709
5149
7565
7345
1231
374
2640
8913
7748
3001
3259
8811
5111
2995
5862
8374
7260
6786
3487
6441
5997
4589
9304
1441
9458
8601
4055
1511
544
8229
7340
7146
2655
506
5232
3772
9441
6737
4283
6601
9414
7143
782
9864
4194
5062
70
86
9368
5137
3495
9328
1055
8969
6344
3312
6584
3808
3051
8219
3580
9186
3357
7262
1036
7091
6413
9250
9428
6185
7946
8770
85
5973
9415
4568
8794
2850
8952
1019
3467
4613
6527
5328
9227
2158
8905
7478
2762
4723
8190
5003
9052
8855
6106
8556
4917
2278
8267
9488
547
6762
468
8750
1893
6646
1191
4258
8426
2131
8800
7468
3281
1892
3585
5142
6952
3318
631
4906
8995
8109
5802
1761
6684
1142
939
8284
1382
8644
6595
5853
3938
9092
7998
4307
7543
9433
7445
6445
2255
274
7626
8864
1774
4933
6931
8052
1265
1370
9437
5571
8649
6871
9078
5880
6856
8235
2549
4798
325
3548
187
6199
187
3145
9614
669
9087
7456
5350
1289
9205
724
3072
3218
314
4215
2467
4129
6310
8877
6678
7783
4720
6165
5168
8460
182
6085
9002
5679
7956
6676
4649
3915
8298
8319
1997
5690
6190
8522
6904
7423
4884
1284
4246
6240
7857
4684
1006
2981
8184
8154
8183
4699
9953
8031
3392
6480
6955
7520
5979
6520
7882
4464
7553
2923
9735
5974
816
3331
6069
4133
1270
7141
8723
856
1394
5673
1694
8881
1332
2181
3704
378
9349
1785
8955
5580
4756
2948
1719
3522
6096
4355
6393
9686
7495
5309
2337
4152
8145
4343
6030
7547
7252
7935
6761
8657
5596
1133
5632
2490
5550
2304
8975
4076
9241
8879
1681
7664
316
657
4362
3704
5166
8416
5343
6238
9090
2493
94
315
7726
3233
6741
3330
1552
3784
5792
8025
7563
7010
4758
4904
3089
5363
5247
6774
4809
9832
1785
3201
8083
6060
2235
3061
7729
7341
2414
7006
6713
9251
809
4619
6939
8785
4987
6537
1591
1488
7799
9359
3916
9908
7355
5122
2659
9468
527
937
2324
3029
301
1846
3919
5604
6543
5102
6257
7875
8895
3576
3423
6680
463
5666
4615
6330
1528
3644
986
5798
8588
2454
8007
913
76
1226
3862
5277
3958
22
5285
5610
2805
4968
8803
9027
2271
301
6500
5145
2848
9045
6695
5885
5997
5666
8415
570
345
5366
9685
4272
5995
9350
1737
2876
8777
911
5686
2730
8712
4483
5052
2376
5484
6941
3181
8645
6213
9587
4939
5606
2814
8769
2227
8862
9624
6582
7455
6466
1116
3437
7841
3237
1719
1753
2553
1850
8694
7488
4941
1907
5136
1339
9134
7539
7793
4756
5735
9808
3336
333
1860
9190
6657
3279
8570
7077
5046
9004
8726
2671
8581
1165
9573
2326
9494
949
5451
988
416
2713
4231
4087
7566
6038
1419
270
9962
7620
5047
8396
8907
5172
1037
5427
9766
2136
1663
1693
6266
5670
7754
1601
1523
8180
8984
4550
799
9050
5015
4126
80
6608
2646
3885
3602
9738
8278
7106
2931
9083
5305
2086
9236
3068
8788
5288
2741
4670
4254
8132
6775
9525
5043
9923
8649
3516
3563
741
8707
5420
4701
4419
6077
217
9356
1735
4589
5399
620
980
7551
8283
8481
9722
7903
8154
6279
9965
9191
7094
2447
7664
580
8345
2806
7670
3011
4551
4149
3650
9262
5990
5811
4480
8373
3934
3792
42
2780
8611
5192
3571
9588
5548
8910
1611
4440
8497
1890
3032
1969
670
9056
9711
940
8171
3886
5219
7102
9915
3537
213
3498
3359
3815
6929
5333
4708
6560
7498
2073
583
2541
4968
5658
5978
47
5439
2731
5106
3128
513
5275
7620
8652
3428
3978
9862
9059
3461
4291
404
8077
9288
3236
9248
4054
892
1645
7344
6118
4112
1497
3903
5618
2223
7530
8697
5309
5502
4344
4416
9607
859
1715
8654
1384
1051
7824
4239
4896
3125
7928
5929
5940
840
4929
2967
3410
2562
7491
9583
5186
1456
2382
3589
5501
4620
8743
9181
619
643
5107
5631
9127
6914
1170
1573
3559
755
3338
1690
4374
3374
6521
4356
2779
9625
7630
2636
3798
9176
3524
7601
4838
7833
7659
3160
7712
3699
9412
3601
3926
9717
7134
7134
3866
7411
297
6138
9034
6852
8171
3119
3079
2256
2888
3917
6091
5775
6998
437
747
9300
6017
4477
553
491
3494
1939
4990
8535
4529
4955
6168
1961
8975
7904
5059
295
8115
6930
3016
2644
8256
8698
1166
6560
9112
9285
7333
5673
3713
4964
6995
5159
7235
6528
1280
5718
8404
2598
449
8264
7298
4424
4391
4576
7053
7741
9214
4244
1978
648
9449
7053
3953
6821
4087
2867
7390
658
1473
762
7702
8732
6873
1563
1665
5336
9418
7408
6304
699
5253
8637
422
6438
1072
7792
5900
5712
5360
5094
6163
4310
9546
9886
4854
5007
146
9986
6296
6096
3783
1868
526
2964
7746
5332
6509
6671
1992
9781
2459
5193
2183
2015
3420
5882
408
7
7428
5082
82
7116
8911
3578
3078
621
2380
3391
3040
9798
3993
5446
5807
4441
1200
5651
5235
5809
8339
6711
6826
7132
6457
4730
8451
4123
1443
3833
5563
6652
3496
2262
661
2843
7500
5606
5592
3253
3297
9926
8368
8060
4029
5823
903
5097
2281
8232
4180
6645
8740
5494
108
3766
8472
7670
5772
8577
2434
2194
6061
3345
1711
9570
4855
1819
5529
6498
776
7881
5209
2778
2362
5155
5215
2298
3306
671
5462
952
6278
7778
1430
2477
399
1494
6427
2152
9477
3124
4377
6629
4450
9430
130
6325
1075
3862
1501
7476
1352
9821
4073
6365
8595
8079
5582
200
9016
1509
3177
2606
828
8885
5830
1095
1324
8762
8225
9100
1075
6941
5852
3577
3614
3265
3032
1488
7595
5207
3422
1340
5290
9906
1149
4463
8305
2681
4547
3992
1392
6284
9804
8583
2722
2673
2723
7439
6736
4627
1865
7894
2859
7458
9463
1924
7549
6517
8091
3989
3562
4974
3887
2625
8203
9242
5829
8012
4778
6914
1558
7896
8341
3284
3744
2769
1389
8203
6088
6556
900
2467
3171
1052
5087
5599
4605
6824
8930
3431
7110
4880
4995
351
1573
6568
3906
2297
5922
2686
3174
4495
9396
839
5751
6747
7935
