16395
3994
19701
5199
18043
9931
18196
2944
3607
18316
20524
13602
10261
4690
190
5895
2644
19501
11459
2626
7538
4056
17964
14965
23084
811
1507
23525
8479
4185
13621
13972
9444
20439
7995
6071
5076
15922
1888
152
16938
1852
15324
10543
17097
3849
16470
221
3200
13170
23923
24866
10704
7290
16593
9451
23417
10891
8759
19482
11457
3796
14047
15566
15800
12651
22420
10373
4163
12397
9433
13751
20793
15966
3756
4610
785
355
6030
12869
23138
18461
7627
19996
10007
4259
2442
19829
18777
14330
76
10926
3805
10389
3653
3427
7910
16511
21710
12267
3807
5000
7548
3304
14428
6780
12287
22276
19438
15112
12326
20408
609
19873
14796
20323
13238
12326
8806
4017
24806
737
13300
23426
21433
5963
3755
1173
23007
19100
12270
11944
17402
16104
8374
21290
24333
6010
19596
21181
9535
5333
4074
5820
5423
21652
405
771
24443
10162
5570
11218
4244
3301
22139
12041
18410
12922
9708
10832
4304
3847
22349
7767
2155
26
3287
7582
18082
9923
1340
9068
10403
1614
2862
24717
1645
21731
24568
21004
8790
1692
12112
15651
15125
10909
23124
20937
8197
9545
6237
14368
16184
5729
23216
823
5375
19064
3153
12022
17237
7031
20946
23167
118
12014
2897
22887
3797
1633
17622
17531
9462
10160
22392
22909
15442
15125
1899
18655
3982
9607
24249
13983
16829
18198
5198
4186
22662
19826
16385
15746
6726
19964
5035
10017
19981
13131
20544
19635
24235
18734
16918
9254
16811
9996
10727
7688
12673
20279
21109
13092
11988
1159
22294
4392
4061
8303
9306
2353
19582
23523
2959
24795
19253
19662
5728
24637
5546
15717
10175
7791
4726
17637
16894
17544
1837
428
10158
2617
21276
7617
8842
8018
15875
20729
20092
12695
4985
23170
3614
5452
1503
1045
21241
2035
21236
6224
20083
9867
15916
10719
4380
13148
8093
6082
16160
13657
24554
21723
7899
8038
3136
1400
11434
20097
24617
14868
4269
12003
13356
23549
9842
4623
24186
10739
8126
2041
9290
2177
949
19883
1748
2973
11020
22571
14112
20556
1980
7988
20760
12597
14190
9873
507
4616
15980
23243
4200
1065
11539
12142
7679
14762
4196
16198
17021
6120
17491
16025
15496
18047
21551
23578
23478
4635
10368
19411
18950
17802
21561
2104
8411
15889
19050
610
5168
4966
11822
17982
19271
4351
17125
11625
24218
2194
12451
10854
7741
18923
15998
22119
21094
459
4880
2136
2741
18929
7148
5742
2584
6847
13538
4753
2531
15948
2807
7837
3412
12444
17414
7640
10785
3400
19373
11717
8188
1595
11173
16377
20435
22499
15690
3601
15851
12043
976
14801
10172
3500
443
14548
11534
4882
6884
24862
2545
23704
4616
19484
20587
18041
23071
7749
1553
7683
5484
14926
15882
3794
11459
3848
21801
13297
24132
20375
229
22928
7375
13770
5859
12371
1467
15125
2260
22571
8771
10176
14644
4257
23369
12454
2677
498
12789
20450
6928
16590
2037
1274
18499
24318
17149
18832
4836
7877
6871
14899
1301
10557
11000
6593
23174
10587
12477
12653
24224
16286
17713
6634
14215
3637
18030
1955
2526
16324
23411
20583
9636
12928
21450
1395
23922
17966
17828
24379
11807
21931
8883
7465
9644
12141
1955
1627
8160
21142
8735
23019
17210
19623
8429
5238
18155
21795
12731
17669
9795
12171
6088
22622
12956
23848
24953
23572
7619
10543
6057
12232
10501
2070
1370
19407
8620
10956
7320
15561
20677
18335
9732
18321
7035
22417
20804
15946
2389
13470
1118
14490
11476
6321
18499
4545
14615
22647
23370
22105
11364
3342
2403
490
6634
13423
12153
3882
15492
6540
19604
14632
20470
24584
24531
2817
9943
2401
20006
15179
23470
11883
1404
13306
11484
10183
8724
4346
16051
14113
20108
24249
17230
1240
8206
6132
23360
21994
15646
12719
18741
4860
2892
14658
23858
21260
3155
12010
11170
5095
9689
11502
3625
1640
17639
8743
11890
8237
14539
14374
5970
4239
165
22392
2260
14286
12149
20081
15245
10207
13568
22182
13556
4940
19017
20997
11864
19589
7807
16539
18024
13643
21574
13235
4632
17155
17604
2037
2947
20554
21288
6912
18405
5180
10462
13969
10476
7513
8228
11954
1736
11946
9854
12083
6617
1892
20834
13874
6667
9209
23092
21632
16407
21844
24141
7029
3992
3359
24476
14876
14160
11739
515
7184
719
23060
21785
15815
24698
15094
13771
10689
14308
12141
4779
24132
22985
14030
10544
4838
6745
13617
15322
24513
22691
4970
1210
1374
22309
18671
1783
14637
23254
20539
2462
1546
7749
23318
8195
17866
14704
21586
16963
20883
20022
8803
16619
15730
3890
17118
21265
19084
19918
24789
7617
5049
17671
19714
13178
22082
12376
3637
16735
22007
22426
23794
22493
12079
7256
21531
3869
20788
3803
1039
6166
5101
22374
20515
21493
10600
2422
6502
16524
5129
13671
4400
5352
8746
6324
559
1627
23121
16135
24805
23145
11813
5508
20483
21736
22565
20909
12477
13248
18748
2157
18918
16400
13693
19350
21674
9231
21689
13213
2009
23021
11332
1866
16034
18218
1311
23747
2901
15138
7428
3362
8055
9980
3846
12226
326
17663
4377
13643
10071
4324
14490
4645
4344
15711
13733
6057
6958
17749
2989
13213
21622
24750
10090
24435
14985
17446
3011
21520
21760
4706
4680
2328
2424
11175
21725
15837
6656
4696
662
4719
7583
13263
529
7448
14601
3456
3000
7728
686
10955
23831
9104
269
530
13684
22316
4246
1144
16548
7454
13716
19652
24778
22789
3226
7102
9295
327
5166
15480
1577
3420
10404
19057
19293
4759
13444
18872
18780
485
19859
22726
17784
441
19761
19097
123
13037
21888
4367
23098
21033
22254
993
23000
9565
19857
17859
18716
347
7453
18495
20659
517
9488
21710
19920
21052
20217
18887
21368
24822
21099
5778
21346
11605
5511
5525
22911
22987
23310
2034
24084
21462
2596
9048
3450
8127
2083
2102
24831
10394
3950
9117
7904
1095
1135
19202
17077
21408
8726
12589
7970
495
2709
18692
19586
19792
8740
14488
7997
6791
13133
17179
17931
23796
16684
19177
21028
5494
22875
3210
10508
14355
22804
11969
10106
1111
19491
4966
7497
7487
14960
10003
18790
11174
320
15725
5121
7633
7303
9923
11480
1706
8987
4238
2520
6484
11933
1052
2305
11653
23253
18201
19203
16159
8830
22029
894
19478
2219
24519
2698
1515
24434
12338
11935
24215
21351
16313
11035
22622
6342
4072
11982
19217
20813
171
2859
11721
14531
1882
7651
24199
9385
11614
22376
5319
17486
11990
12292
4540
12771
16790
2387
117
17411
22382
20535
1447
17692
5217
24635
22127
18221
4028
23673
5762
10782
3534
10073
6137
604
4760
10401
4313
8608
5102
24643
920
15609
20728
14816
22587
7626
4520
20961
20904
4197
16090
16235
18552
4402
14160
7818
2105
5743
395
19073
13372
23161
10878
9423
15284
13084
22435
7429
24379
1457
8420
21325
6987
7765
21456
11707
15146
10008
8041
2079
6775
24081
20561
14650
13026
13300
12115
6751
20278
5454
5100
18043
21152
6623
14839
10039
7586
10953
15629
1060
3006
9572
1294
19997
19252
20601
16707
10206
3966
5764
6770
8263
22474
19720
21119
15189
13508
19919
6685
24620
982
22428
3751
17395
12723
16485
12678
4731
1075
606
14455
19471
15043
16378
8966
14274
413
6752
15826
11731
14464
21780
17323
4629
5598
10945
7213
23310
3483
5410
16862
4737
2984
18178
19620
156
22698
22393
15662
12234
2339
23627
19156
9489
17299
10442
9618
8698
21548
13582
17556
799
20659
5940
7678
17740
3732
14687
21184
2701
21871
17538
4550
12127
5766
20609
18235
669
13264
5839
7886
22509
9086
3214
4339
11753
23718
16553
7307
7470
10010
8928
3150
8552
15829
17478
23618
23839
13134
719
11900
17801
21435
18618
15374
24844
20937
7762
14456
18270
18562
20338
11208
11232
21541
16308
19148
18265
10421
1266
13486
22634
16813
8926
13706
14376
1912
23732
24150
10428
10943
16473
18732
21193
17255
9100
1225
1841
21564
15617
10019
9346
19168
9376
11698
1696
23514
15507
11542
16580
13510
20908
19849
4814
20512
12808
5296
20091
24999
2846
1153
10530
8456
8977
23559
16005
2470
5022
22550
21583
19103
5625
13282
12308
7959
1958
23647
6765
15112
11870
20323
3176
13675
23465
15703
6605
13391
8952
24803
16197
17480
16546
16420
5783
13425
13872
13582
13183
24808
8576
22185
13361
1460
8062
15888
10507
20927
20828
9476
20855
805
3101
3835
12039
20474
2974
6090
24564
21578
9836
3964
3099
10544
22954
20987
11137
10653
14631
10786
16675
1358
2710
22295
1303
3351
16125
19528
17170
7640
9106
24607
7106
19170
17852
19874
19010
5361
5019
22893
22392
13244
22710
19934
3142
24698
10957
5993
14907
21896
13166
12903
22620
19405
23074
3908
8819
22691
1173
5394
24658
22532
19182
10256
14824
495
19310
23880
11330
4533
17736
5966
1385
5266
13370
14695
16356
9757
23591
519
8416
7101
24559
23082
20600
23050
6200
6062
24488
11833
7449
22470
22821
894
2177
9407
10342
5423
12013
7324
7430
14026
6286
10706
19283
1077
17166
16713
4435
20163
21929
599
20258
3687
16102
1027
7131
18159
7177
3896
10133
10163
19321
8580
11426
18005
15531
15880
10238
13375
14929
5947
594
17019
12419
5481
1085
8554
2321
12422
17907
3426
7856
7895
10769
23905
10647
2233
18911
19161
188
16094
5737
20279
21907
24978
8250
2551
14650
23811
17193
14097
12196
12401
1406
23083
14700
21437
18077
7494
22890
4779
9263
9052
9232
22850
15069
17201
7322
3478
19850
16883
8333
17401
13365
12701
16642
2082
9610
3803
17954
865
17265
7619
11917
6765
10214
12224
5607
11895
3396
15454
6000
11913
8212
8730
24542
24114
3329
2203
12559
21167
426
10208
10637
9655
416
13501
5430
23812
16191
21121
14756
8416
21306
8752
1705
12953
377
14762
23493
13483
10153
14129
22792
7262
22376
7430
1973
5549
11557
12982
24891
20508
20352
8068
5922
5817
24737
12950
23541
10657
15331
20650
1854
12360
10210
4193
5084
5198
6202
9954
4891
17531
3864
22890
10243
19094
24657
22835
14323
8176
6111
21256
9030
6550
4129
20568
5441
20711
5412
7173
18619
13094
11464
5478
16558
16698
22001
5499
549
15091
17186
5803
135
1314
14067
7718
9789
1513
16147
20753
23826
8939
15584
24017
18086
13087
11617
17079
11395
8511
24224
5546
18258
21122
4136
13398
5364
17083
21856
11789
18217
23754
19380
635
8196
17531
8157
6996
22407
13671
17148
10101
3317
905
21297
140
8446
463
508
22165
2284
11780
22211
15108
14505
13099
6983
9821
17007
14335
6426
6450
9058
15351
5809
13145
24912
10023
13557
6257
20149
4518
14291
16475
24314
19531
15187
5738
3871
16204
4886
23524
10189
20575
5806
19126
21489
23079
15867
8410
12844
7132
10698
6567
23038
9589
10009
18154
19951
21382
3022
21476
6994
5582
23733
10059
7615
19286
13095
22246
17694
16567
728
21780
1568
14262
14194
13994
13081
7146
13530
9079
18119
13496
15246
8992
23678
2636
21174
9128
4547
11862
1640
5523
15881
4087
10584
1440
1236
9683
1232
23049
3356
22599
9258
24559
23961
7591
20666
20444
14758
5268
24751
77
18426
14541
4248
3235
22876
1275
14936
14517
1694
8866
20860
23471
6262
24544
21278
8404
19089
24767
24046
22114
1652
22738
4971
14234
15569
19172
7176
3994
11333
19676
12204
16109
6262
6617
11870
8666
23879
16390
3191
17599
13021
8448
17127
18749
4438
11901
22043
22686
23448
1294
20840
4240
7856
16963
10053
14346
24488
21667
13549
9333
14934
20626
20405
15551
8616
16056
21290
5976
24849
15615
15109
11122
19310
508
11602
10523
1639
20481
3124
15003
7839
11878
13302
8910
20835
17743
17450
4926
18421
4917
18864
16884
23459
4916
15475
17956
23519
7755
7487
17303
18536
23585
7709
3098
19781
11148
16498
4062
16363
1093
16431
1361
17055
2111
1081
10041
688
6506
17824
15929
24881
19652
2865
13646
23521
22195
6470
2599
9366
19012
15689
16447
16834
16114
4083
20635
11165
14693
989
12682
15297
17143
5181
22686
16328
18642
10719
1232
16418
6657
15344
15749
1458
14060
13735
24483
19374
16169
19010
19909
5441
22768
2975
20937
4705
18443
12093
19725
17285
21175
24847
11377
13644
13381
13484
21058
10813
17887
13309
5491
12785
15564
10974
24198
18345
11307
7011
18463
5016
15555
18683
5576
20911
4157
11605
15679
15402
16747
9807
24766
5840
16261
16967
6857
21023
4006
11296
19155
5992
5455
10378
17092
11913
12482
9209
18465
8749
13623
7560
16279
538
3965
13399
15662
8294
21487
23429
13653
10520
15021
23387
7628
24520
18044
20532
1240
22994
15364
24580
13286
16079
1364
14570
8552
9520
6097
912
22967
13132
13611
22402
4129
23255
7431
15977
20651
5304
4489
24925
348
18875
7069
4735
2106
20912
23475
1931
15776
17633
16247
18772
16814
6781
9589
8257
22650
4622
8630
6437
1786
3928
1163
23692
16765
13623
7264
15629
1009
3166
19635
15999
21743
21914
16784
20039
5265
17408
21747
1067
16790
5089
22633
9083
5430
10170
6580
8018
2628
20657
23784
22277
19580
13731
11838
9932
8248
21975
14369
8483
24990
7353
21566
23695
2538
4460
22116
11651
10320
2610
5507
24424
14005
5380
1261
11934
24175
9825
20218
24293
24799
13170
21382
11264
5222
465
20687
8228
12489
13934
2261
8892
6033
21905
15134
10206
24838
18514
15350
2475
12931
9870
24422
1784
24664
3728
15441
20948
5306
15958
23570
9089
11869
22161
21293
2957
24890
14332
17308
18697
20439
4634
1125
22397
13634
2586
3133
20041
5119
21833
691
12061
11430
4871
4832
9769
10449
16492
23772
22217
19016
17557
22658
6949
10552
5726
1927
20561
17175
16546
11817
22308
1305
11213
905
13588
17340
3718
18689
1286
3470
24222
23699
18807
15881
9526
6528
13095
24684
18456
21196
10084
6096
17871
4631
21844
17356
12633
22777
7235
19571
22748
23447
11465
9722
24095
23087
5624
21386
6696
3779
403
12155
5661
22501
24323
11541
22460
20891
13818
6210
9661
9779
1149
2689
18565
22008
6667
2194
18557
14890
19579
6753
22664
5608
19301
22391
14092
17989
18414
20865
22994
18061
13484
19300
16226
21398
20926
1322
21399
20889
14642
1674
3651
10349
16765
4980
18466
1930
623
20988
24001
13000
23694
3053
15717
20196
11154
11845
17513
12257
4103
1089
19267
2558
4204
18941
23202
13383
19071
16706
10266
15626
2377
8950
3400
5645
3665
1360
16671
9911
11788
4888
21198
23592
6996
5395
13862
10291
7018
24262
11056
17733
1591
20041
6807
19414
10420
19633
11154
15831
10912
9041
22298
17497
12462
8618
13804
5832
17882
12679
4588
16867
13249
9205
15097
3993
5968
16843
11705
16923
23619
16949
24985
5931
11430
24049
20463
12880
15514
14463
13191
21068
6396
4412
13753
23116
16744
23883
10903
16990
21022
89
8732
23346
1601
14969
7380
24792
6376
4185
1377
15813
10464
1808
21998
18295
22668
23970
13676
15162
23231
10425
24768
13760
20856
9513
22278
9886
15973
21961
23632
15045
23293
1422
15123
20830
23271
13893
8683
3769
15449
7902
14360
6701
24573
1685
3634
4713
24130
8197
12440
21529
4729
11919
16324
10448
19885
10467
13950
21284
12765
4806
17217
24868
12467
19311
16501
24900
15539
771
16310
17364
20066
16217
2709
8490
15732
15407
18587
20471
8481
8559
14820
8849
16236
7873
21099
10479
19066
5737
18530
15798
24971
18233
16412
9082
4821
10107
1941
13560
13160
2140
14579
5974
22615
1906
23296
2329
24497
22522
3546
663
8324
20586
14734
13323
16026
21618
1546
13330
13372
24603
23366
8443
19954
14483
4796
8374
316
13188
18523
8096
4082
18068
19884
18032
16845
8588
15959
1498
19613
22469
6678
12747
2312
82
11282
24068
22845
2700
3787
15355
711
13082
20206
19711
16780
17114
2596
23726
9833
24958
307
18847
7219
945
12011
17551
21770
19193
24083
1682
18068
5371
8394
7145
511
8203
21810
6437
4591
327
9061
7903
17985
10255
4917
3337
22749
21873
19809
6026
3554
10379
6652
286
12723
4483
10496
19552
10414
2808
14070
1439
5102
15
2969
9979
14981
11967
1440
12613
17076
5476
1301
6008
18130
24255
23396
3570
15664
6912
6483
4556
23758
21329
8892
17752
18865
7310
21800
19300
20947
17031
1611
8544
14637
23380
23342
5680
5459
4576
23825
24253
18768
6488
12766
24936
19285
176
5858
5936
21583
16212
15492
10202
12493
15191
12513
14818
2634
12430
11660
22059
10207
19594
17298
2886
14404
24335
12221
6890
21466
12655
4131
5759
17673
3753
14489
24473
4304
5718
23026
24981
15711
15728
17404
22627
24953
6273
4740
14278
6485
17621
7588
19403
17818
24694
16364
14610
22159
20258
5927
23097
5459
20703
8879
2347
4627
343
8848
20364
13414
6850
3939
7935
283
9933
10535
21403
17499
2452
16806
23957
15649
4270
12601
5724
20017
9062
9200
22230
23073
13337
11646
4082
24757
13942
19297
16469
16400
13209
13328
13126
16990
20386
3941
11456
3554
15957
14673
17699
833
17910
18677
24802
3105
12565
835
24454
2665
9147
1096
5567
3430
16145
14477
4585
20701
5698
17374
18146
18989
15078
12410
9880
17684
11175
19335
12933
17479
15092
1109
3180
21204
24054
9804
1359
12125
16339
15573
1329
4431
11405
8532
18687
6026
1404
18596
1990
16242
20164
17269
11212
18200
12936
18734
16030
16147
21746
23731
6429
6378
7229
19516
24075
12518
10820
294
22734
9309
19236
5967
21141
7731
8599
8620
5327
3399
9668
15080
9699
23606
8652
23570
3491
20918
18672
10482
958
8603
14500
11950
16181
24633
11993
14929
253
16667
16260
10453
3817
5208
20704
21313
14277
1277
3250
12247
7712
16679
5403
16540
22768
11258
2626
1888
3786
11252
15329
10316
4586
5836
20407
12413
8648
8979
24056
16149
14463
24314
20361
24892
7773
21680
2149
20915
7873
12632
10223
10249
17680
15410
2765
20275
4489
9669
22831
7915
18321
12530
15511
15270
790
12191
3515
24263
12425
4210
20538
11489
8850
22469
14891
6077
12735
614
5996
14246
2281
5404
24101
19343
12212
20857
13359
24434
3715
1360
23049
2827
8458
17900
21309
9560
16036
2040
15111
10341
20713
20462
6334
15681
78
13668
23237
11518
9120
14126
12810
23430
8386
19341
8839
3872
8795
19931
21366
19972
9230
1902
12502
11089
3647
18286
2608
18203
21419
10845
16629
5628
7638
13298
15941
19548
10534
297
13768
23951
14779
4201
9669
14019
21187
19360
881
20776
3892
20896
23771
24431
9634
6300
7064
6307
8641
8356
15531
22883
7505
18217
551
4339
6957
19812
21607
10161
7007
10929
16108
12253
17483
6639
493
6582
4541
1917
6053
397
523
1938
4592
22927
19616
13170
17005
6433
14518
13794
5976
20164
2977
2942
3382
1742
17383
6833
5890
10439
9121
24190
3396
17456
15892
6152
20079
17859
12690
11567
9953
5533
9734
17971
16981
1717
8426
12909
14918
4799
21967
3223
3650
5850
12598
9487
14972
9505
2210
6485
3869
20128
21911
21269
3247
4879
22857
19403
14195
14815
17958
11455
18051
21132
19432
23812
22777
21003
23338
14069
14488
12404
24104
10275
6114
12983
17458
19499
17426
22065
21347
9271
9803
20201
10725
20132
5088
10180
24728
18193
21935
13806
18127
19737
2050
14322
14331
5724
15300
5967
6646
3418
17050
23890
18819
264
6089
6744
19830
18027
18313
425
23414
8712
22072
15068
21747
23778
13845
21906
9128
15005
4187
24742
8069
21379
18757
9812
2518
1691
3012
10580
10038
22114
7779
5485
8955
17801
23795
11695
7250
1690
6975
22031
14148
23580
4485
23365
4599
9360
6853
22775
24615
4742
1639
17404
9198
5920
23446
860
22838
424
8414
20319
23193
6730
483
2321
3417
14429
20685
17363
11588
23902
20915
6067
23868
14622
21463
23609
551
7709
16734
23973
1261
2493
14844
24864
2087
8406
1099
13392
17539
23160
2754
18798
2016
24571
11613
1300
10389
4083
13878
11663
4220
3567
1401
4889
7229
24449
4832
10206
15764
7475
1442
7352
22127
17533
13544
23651
2294
8762
6978
9778
16302
11942
15323
20614
2827
5983
16128
7136
20834
17494
17134
17770
14
9687
10089
1782
24330
11533
13483
10232
23587
23831
1949
8169
17064
1966
17628
311
14974
8762
14102
16563
6501
2027
21553
22097
2129
14020
15426
5850
9366
20713
1336
8669
15793
17485
1466
13756
800
3147
20821
5093
2911
5914
13688
17519
13445
22978
17642
7689
23013
2559
12738
14853
9603
13699
22610
12319
18647
4649
382
19253
21816
15763
7127
23462
14794
5669
500
8958
20704
7935
2446
7420
23657
7842
22924
2154
20913
18208
21795
8614
1812
17409
12115
6904
7211
15161
18177
1113
11067
18676
15302
12737
18823
19599
12732
21033
23517
24501
11443
477
6757
5565
17808
1362
21599
13112
3417
21242
19992
2490
9912
3038
2438
17354
11800
2294
2070
2206
9531
17292
4898
20242
20611
6860
3222
15217
23613
19991
9504
15638
23028
8604
9997
4689
11098
24875
1736
16631
2458
7910
16008
8246
21315
6387
68
4411
18350
6791
24251
11430
12143
2610
24971
7361
8624
8749
7407
22105
8678
3580
1356
15725
7137
2287
48
16414
13379
16805
15131
24408
1450
7895
17028
21210
7669
15995
3040
1243
4320
11726
11001
10465
3662
13959
18200
6389
17871
17281
13374
12118
14344
6660
9893
22758
10353
11534
19578
23299
16093
14955
8652
11458
12528
15943
4891
20254
21100
22094
14373
15423
20465
23187
10903
8565
9180
24133
12643
22873
4661
24685
16806
19494
3841
24807
1776
1469
7308
10400
19114
21087
1723
19897
21675
6264
1278
20168
2024
17
19497
17184
24628
22465
4187
16092
23381
13247
11861
21321
11297
10511
8432
9629
16943
1252
8664
3430
23447
763
8428
12367
13912
5912
2279
8562
15646
12496
7147
24256
15498
18964
11130
5349
9980
1281
22897
20520
22562
15853
13168
18840
17144
7319
15650
6659
16760
20944
11423
5560
3093
17331
1332
3220
5385
22709
6042
22434
2016
3739
10016
24976
20740
10168
1627
13275
6559
15995
464
19202
24526
17889
15626
14548
17138
22571
670
4810
11660
21368
19026
3760
17942
23594
2692
8348
13048
7987
15377
23103
12357
7191
2223
21070
9273
20435
15562
6168
17305
8529
22797
17824
24960
14053
19616
2686
29
15128
23632
18215
9498
9257
3430
12888
11816
3352
21063
2934
13878
13868
17776
8687
2961
21140
7705
24584
611
6506
818
2875
16491
22851
11533
21496
15663
20680
10903
14241
16463
15375
14611
14503
6629
15194
15857
14449
21172
6041
17196
15146
2437
8916
21536
13176
10913
20765
2217
9673
21646
20927
23677
2204
15107
13997
24297
8828
22321
16193
22148
21141
17850
13535
22738
22559
7572
14983
22072
3014
24203
11356
22018
13344
5873
5719
11849
894
12682
15111
18316
24191
6112
20511
9979
7453
14416
678
5155
5284
20664
24852
21796
12528
4705
21903
4461
5859
10310
6056
22250
15105
21355
1677
8177
14719
14222
23153
5308
13687
19678
22728
17673
24331
5220
17299
22267
14123
1676
16005
5085
21099
20347
21798
12286
3482
11270
22649
3401
13146
3846
812
12787
22955
5109
16726
12512
13336
1420
22758
24039
24836
9421
11106
3962
11126
7268
16352
9827
24383
15383
11308
3940
5329
7762
14474
2276
19406
9328
18670
4076
9747
4376
6628
7474
16913
13981
18880
12563
1290
10374
7677
21002
24305
11295
4446
9526
24128
13590
12385
273
1127
691
14825
14281
16447
13557
18195
16787
24947
17262
3153
14873
12570
2855
16198
3040
20311
15928
18094
10632
21135
1828
21966
22495
3599
7463
5172
22723
7269
18318
17518
12183
22189
12306
6132
3427
7242
7931
16914
14010
12324
9940
21195
9615
11236
7276
3365
24545
2362
13665
14811
13364
20958
5214
1676
2835
6556
5984
21250
13504
20213
4835
9341
5806
13695
14561
2790
11106
2112
21067
300
14228
6994
8807
11307
3282
5635
24385
4440
6883
3525
3170
24187
14512
23992
16048
19420
4627
10312
14194
24750
22618
24623
11594
670
24720
22492
738
20728
6896
17823
15521
1903
6525
7589
8364
8742
12680
9071
4616
9947
19565
11777
8440
11122
16622
20375
19880
21903
19033
2042
849
23264
16481
3996
12423
20730
17169
15554
24087
12563
23109
2776
17161
1963
5535
3311
24732
23059
9959
11475
12765
21132
21785
595
13797
16242
1059
22289
3973
1148
24259
11677
10186
3064
23935
8408
17067
16857
15137
12665
3378
16459
20235
19771
3573
92
11087
14584
9930
13706
13884
22883
6498
9920
20431
13772
11582
7753
23056
22477
15665
13345
11158
17270
7160
7722
21549
22226
2508
760
4907
18740
2219
23093
10309
17630
19894
604
22537
11228
1999
9782
24507
21773
23396
16473
6270
13716
22852
5827
11095
16436
18282
1432
23954
19561
17446
7266
2388
21514
6733
1605
3963
18367
8458
669
24477
24940
11082
13948
13170
13388
20637
5919
23917
805
1381
24444
20570
18183
14795
5161
21779
6768
4166
7121
10229
20955
4109
15914
8149
14340
3653
24380
4042
11362
19320
19627
2500
6025
5821
17140
11414
12541
10833
14076
20312
12297
22539
9989
9359
5731
22334
18276
2015
1689
16617
453
8985
17557
6312
787
6932
3197
19464
2928
19076
22329
20682
18414
3449
13755
8824
14530
12723
10373
18206
3086
8614
11356
623
13302
1198
18330
21713
16635
11606
8536
13194
18087
14530
19233
11511
16084
4791
23882
11852
11202
9646
10068
18115
7783
4403
10833
6213
19781
17269
22507
17749
793
18556
2577
11857
10833
11561
10042
16358
2403
15378
22588
18738
10078
22375
5764
4082
14173
21125
9794
4861
3329
23001
4170
4262
22750
6428
4184
19770
5511
12714
18090
6582
15305
9461
7216
11803
22161
12791
2926
24931
9114
20326
18645
21275
14575
23643
7061
8505
24130
10509
22986
15750
2980
18806
17866
510
23880
17817
4406
5053
3074
23237
14141
13187
12439
6516
16053
2820
9186
17576
20430
7017
2666
17203
7707
15547
19438
19890
15873
14510
8765
12874
4680
16290
16067
7268
3787
14510
4127
14641
9588
8615
6488
4270
7979
1453
19244
19032
20939
23163
11955
17556
9062
1780
7433
665
755
22871
4001
23039
221
4064
9231
18710
4851
8598
16992
20343
6223
8070
15515
2794
7050
17938
17589
7711
22941
24351
24195
9596
18811
18300
23034
2093
6701
18589
293
15439
8523
12817
18781
3705
8185
3744
2031
23439
12314
9441
22448
15884
4986
15615
2616
4373
22013
4296
23009
4245
23257
7537
11940
24144
4176
1525
15290
11509
24567
18979
21916
7086
18814
606
19018
9431
12227
9129
11320
12035
3454
7918
2801
17377
10482
9469
1507
18331
21992
19416
22030
9356
8158
16138
16807
12503
16759
14875
9050
21630
4003
704
2783
6203
7220
5333
23995
11675
9304
588
24646
12416
9144
15344
12105
5247
14358
20039
5497
1471
16153
1835
8086
13347
6070
18099
17237
7297
13969
3599
9368
15264
6896
13957
14799
19510
8918
14076
12401
7657
19726
2546
23704
13980
9290
6068
5541
23056
19659
7226
5157
19403
144
14362
3668
9058
6170
9082
1979
14898
20409
4835
20715
3511
9807
10917
16951
15416
929
324
3958
4206
22378
20731
7697
11264
10175
1480
4438
9222
10809
17039
23495
10682
15003
22157
2161
12650
22436
18342
15389
13898
4460
23273
8950
7085
7161
6112
3345
14102
11276
23028
19963
2503
5839
5802
19497
5173
14960
15314
13007
732
11144
21561
669
22234
895
24485
4488
11531
11709
12861
15018
6344
8110
13135
13732
22340
7950
23863
5336
18696
6499
23757
13468
576
10934
23863
16859
13192
8207
23474
23479
21042
1346
4385
12657
8390
14616
15253
7312
14419
8293
19710
23338
12738
630
20196
5538
21905
4997
15954
8896
8280
12357
10895
12207
4477
280
15883
17402
8802
3424
9277
4169
8542
14736
14567
1846
23119
8437
15989
13793
16460
21784
13613
6500
19640
15622
22996
12712
3532
1433
2307
24562
5755
24893
964
4585
10939
16847
3457
12559
14951
18541
5334
22033
2007
10670
2310
12867
16406
22765
13786
9061
15073
24730
4230
14886
7608
13050
8076
4562
3618
11360
20399
419
18751
11960
6149
10663
21867
79
18953
23486
6339
1442
14814
18891
1006
22950
4427
18721
16098
21903
8843
16647
18888
10181
14736
912
13160
3490
8224
12802
23207
18432
891
3496
9224
23539
16638
18617
14375
16492
18834
1856
19807
11512
12702
5498
13863
20661
6487
20872
14567
17644
336
14262
4744
23092
8385
7344
24569
14068
10405
18488
2448
10067
14558
8647
17417
14489
21179
9169
6328
4023
9032
10249
23203
15726
9313
2170
10482
14078
5384
20271
5933
19816
10677
12530
18697
3825
9180
7331
60
4990
24432
22851
2228
4537
3805
6817
5572
12568
3945
13787
8395
14781
3619
16518
17013
20089
19983
19659
12770
12865
790
13419
15835
16108
23028
14169
21416
19575
15110
19261
14563
7468
11221
15321
2812
3376
702
7139
7603
18950
3458
12619
416
8392
20122
13562
2220
12454
21806
12558
10705
778
4576
6546
21831
4580
16983
1693
7419
413
24451
4002
13004
6477
4121
20063
23684
7648
17340
8396
20110
9870
4896
13512
1494
16035
15504
9572
2674
1124
7518
7104
13574
18399
14789
2748
1298
13705
20880
939
1121
7245
8652
6142
1052
24374
3460
19817
1775
18584
17955
19631
14530
21660
16795
6622
18616
9621
6963
18387
19648
15103
5576
391
7871
2182
3513
16698
21310
17999
1055
14084
24108
1735
21404
22020
19809
17731
5365
13502
10670
21934
2712
12928
10520
22533
5546
9092
22687
3479
17988
15333
19727
11347
5765
2746
22386
372
4106
6823
12129
11717
12223
4642
11218
11352
14728
20733
16184
9497
18340
17557
1269
14981
21651
17623
5594
1357
8196
12126
19888
5400
12786
5633
8213
13858
8674
4640
18650
4561
13582
5066
17092
5037
23816
4531
16937
779
24076
17885
22853
12959
11294
20500
10884
204
2606
6879
23658
4382
3618
21689
15216
4001
23343
1533
12769
21525
9347
9800
16103
11435
2106
20769
13439
19802
10050
18153
14143
6530
12583
7479
18314
14070
9550
23752
5564
16558
16832
19130
17416
3102
5751
14301
23943
22670
16215
21730
663
24923
4505
13089
12506
10738
15221
12468
7858
13392
7928
13671
4665
8930
8585
10393
18861
5670
17131
3630
1012
76
6855
14193
22746
18136
4856
16029
6105
11644
18784
1837
8642
3976
359
5683
20921
21908
21282
9429
5295
19457
14730
1950
6242
15929
24440
1506
7294
22052
23126
3941
24870
14278
5105
16804
3949
4206
20956
2216
18773
7989
13696
8804
1196
21942
14419
13342
12675
13509
21044
12874
21281
17797
16471
18660
10216
23344
18906
1884
5180
23676
11138
11468
5442
8458
20063
11434
15002
22130
18684
24525
14936
206
17318
12121
989
12884
11878
13758
20038
8641
2635
8776
16125
3175
13489
16300
10757
22040
24462
6914
6620
15229
2908
11586
1256
22096
23055
10322
13505
20960
23590
21335
9231
3471
10593
17399
13900
179
20129
3311
20386
11508
22639
24543
13343
4975
2636
16720
8746
23513
19364
1639
15412
6624
12499
21584
7932
15638
8230
19820
13415
187
18896
6032
24480
4702
20078
8162
19481
20004
23901
15670
14316
2166
12357
9138
10746
21274
20074
16523
24969
23443
16831
16715
19942
2862
22507
22115
15567
18409
21371
19249
13136
24690
3831
2234
2610
9163
1877
8404
17792
17558
9694
8532
19629
17393
1741
22248
3774
21368
8951
8507
13721
17535
15450
9295
11581
16789
24148
18306
5910
4262
18913
8450
21179
10085
20699
3000
13850
5131
22555
24450
22734
12436
8574
16211
22793
12662
21414
21344
1319
12093
21669
13354
7791
23310
19542
14727
17938
24990
15325
15356
1213
1172
10267
4623
4866
18181
11649
24929
18747
1932
1691
11248
13907
21872
11086
23944
18894
4793
1979
3755
19633
5706
23444
17658
22415
12311
8613
4894
14264
8390
12066
11544
12061
15918
5566
13245
10749
22404
2344
24309
7144
22733
5234
22412
15760
7721
9440
10268
7199
24037
18237
12762
7236
6752
13257
17192
14220
3912
11445
7401
10750
18456
21547
4741
16980
14391
22655
1313
15926
4546
23923
2322
7689
6843
14646
12543
15492
11800
17921
15710
5160
10211
8487
4352
12761
16441
8540
17098
6848
17126
10867
17411
5231
11304
14322
23100
4687
6250
15611
8079
14847
10619
12599
13754
23774
1455
6783
15788
17990
19578
12375
21331
10909
24260
20861
4646
19861
8322
1580
24639
17745
18260
19093
4868
15838
5491
7452
9527
24154
22605
20394
24094
3708
7484
13414
9776
3520
9360
17455
24598
9962
21693
5819
456
15209
19205
5166
4027
4087
13472
3204
4844
20606
2942
4982
8749
12271
6344
15572
16235
22682
11895
16766
23968
6544
15505
7565
12198
2850
1729
21481
1603
1428
12775
22308
9313
19334
5124
8206
18210
5622
9707
6757
16471
14607
3584
20695
4889
7740
7239
13130
22619
23176
7220
13478
11622
2773
9873
2
23564
6626
13614
12551
7697
22728
11790
21872
7169
13365
22041
2040
13252
10485
8603
14321
21685
13284
24867
11275
10562
14265
6503
19318
2171
12354
11364
14793
19633
21082
24974
18486
19606
5451
17471
9383
1832
13203
1191
7032
6067
7710
22934
16442
14466
19452
16819
21694
24974
21531
21134
7001
5395
776
13823
12273
13761
19375
18783
17334
9612
9305
21070
8505
21031
738
24334
5290
11061
19321
7934
6934
12708
1891
19647
22384
6442
6419
21472
21809
17713
10023
98
14725
6361
19876
20550
22141
24323
18242
18820
24043
22997
8288
1022
23846
15044
3143
2837
9195
1533
6153
9161
19327
18236
17580
10832
20051
11190
5544
12878
1986
11969
22774
10638
7417
6675
1414
4054
6841
20918
1420
9939
7839
12912
8495
9622
8714
23793
2373
4657
24106
20141
11012
20651
11359
22642
6453
15542
10939
20288
21004
1380
18954
5405
2262
720
13674
13170
22878
14616
19141
18828
3224
21473
2303
4356
5532
3097
12825
5113
1743
7535
22680
1190
11030
17293
2962
208
15657
2071
9564
18340
17785
15139
5766
19503
4878
8421
12305
13666
10731
7992
16535
1357
3177
5728
271
6451
10454
19605
23539
5110
13198
11133
14023
8615
7644
9358
10048
4028
10469
5894
2438
20759
20437
20360
5037
1618
5199
9977
15753
11810
364
1205
5097
1795
6453
17518
4827
12677
19531
11781
294
6179
19064
23098
21259
4579
5102
20984
10098
5385
19424
7461
962
19833
21610
18190
9259
758
22608
4750
2373
22510
9979
4021
5640
9796
12679
22201
3947
20307
5269
8462
14985
22982
12712
2868
21693
9779
4221
18313
18911
12100
6736
20949
1366
7142
21838
7071
14186
12224
17539
3114
17188
17292
24348
13451
24417
22601
19165
6081
1681
20079
24687
10289
15850
6528
605
2623
4291
6880
9982
16039
22022
11267
6611
10945
4832
11539
11278
16325
9871
15050
15259
21573
20266
14825
10600
3788
6548
13977
20357
20335
9639
18387
12063
9897
9220
19164
4500
8079
18292
19678
13701
13677
3465
4817
20703
19769
12694
361
24309
18666
6724
2806
18403
10221
22624
18543
23177
7099
3307
24254
21646
8928
13545
24190
11687
18471
5421
22841
21718
10071
7803
16611
14059
6046
1181
4970
1667
20955
16198
6897
19883
18179
11684
22329
13924
23131
4200
14650
9555
20488
3230
16544
6681
3150
14091
23916
22821
7294
16930
11509
1268
19609
5968
2547
14578
6667
6011
5950
2682
8410
11167
14591
8650
21080
8673
18068
2831
1616
14459
24063
16633
2153
23209
5368
10082
6944
9096
22932
9039
3157
21820
15237
13612
18845
11049
14927
5398
8510
17653
13145
24936
24448
12391
21380
20941
11383
12978
19693
11278
942
2434
20266
24413
160
24499
8321
8385
10239
21197
4906
2642
23476
23358
23001
9240
5534
23644
22668
23690
10780
22611
20715
23152
19102
14077
14873
5424
24233
4214
10041
6
6458
23962
17092
21798
3439
10532
15724
7342
20511
23649
4337
22758
11704
22279
7489
18578
18040
18540
13495
23050
2571
24041
4362
23091
10574
15152
16075
19009
4625
7657
18580
8346
180
4764
4227
24435
7988
15581
21636
17180
19738
21042
6240
15174
15582
1904
23894
1511
13398
3802
9977
24005
1134
12753
22010
749
16033
24839
16604
8665
6587
6976
23114
8319
9666
22629
17233
20549
3179
3275
5073
17708
949
7566
11878
931
5831
13031
13367
2245
7978
17857
17082
18196
1098
22698
24596
8975
14815
2184
19982
19720
15504
24711
22461
7295
18386
23089
22260
13741
10070
12847
17515
6944
23465
1753
14187
3825
755
9187
7261
19395
15780
8524
5328
1958
9798
7288
21180
10435
16267
22607
17517
17528
17372
6254
18455
5677
6221
8030
24935
10167
6133
16267
1500
9990
24207
15300
269
13569
5764
24509
18180
15443
1693
22525
9332
189
11569
19277
19378
13890
11865
11677
10414
14279
14230
16754
21143
18650
10822
6130
4627
16216
17709
5810
2783
936
6677
17992
18999
342
4730
17000
18413
14285
15486
18617
8781
20734
18966
18961
21849
656
10359
12333
24549
8878
10100
8039
1619
9122
2062
24132
19278
19358
19005
23288
22806
20556
5155
10167
20992
5503
23277
3836
3387
933
14312
24509
23065
12040
17086
9564
14924
21746
6712
8075
4598
15836
969
12605
14157
12382
16090
15056
2182
24955
3490
17570
7300
7354
2436
10235
21528
2781
4587
4368
17632
1349
17472
12705
1225
6788
4377
4105
9587
17944
24827
17463
3135
8862
20153
6071
193
21930
13067
3820
11376
20495
13813
7576
16801
4190
9275
11680
16519
15609
6246
13552
5361
10785
14052
12927
23238
1755
21180
8932
14370
13765
10844
20499
16153
5290
19497
6607
22994
205
544
3732
5859
24374
21775
13590
21451
7884
16756
12524
9324
9229
9833
12027
11126
16314
10152
3483
18957
4389
22959
24282
9572
12255
4467
15999
18916
4704
19304
16757
9358
3046
18551
10730
2300
5815
4671
8088
14027
11965
13067
7019
4265
4175
16497
11380
2341
6245
19052
4039
9286
9171
15576
20753
4418
23152
3776
7044
4322
22997
4577
18519
2719
10923
12591
10986
17404
14752
16895
24228
7690
13508
8350
3323
17666
11922
6192
16365
20234
19470
6266
17406
10851
11152
3861
22727
11874
15595
3583
323
20542
18141
21372
12833
12759
2225
21898
18489
23099
10520
16605
23649
19571
14740
1369
22619
2445
23220
19115
17727
16905
7630
3053
1843
5203
19985
22298
8319
14121
5094
12533
12883
24347
19407
20525
9398
5976
16882
2782
14112
13589
16278
15744
680
9836
10121
8345
4136
15930
6514
8286
10158
17700
6585
23284
9965
4054
13189
1352
299
12040
2609
1929
7879
19010
16452
15140
1969
689
18935
5133
11535
6836
23316
1148
3490
21784
19276
18466
675
3147
6804
4038
13763
10445
1979
10669
21554
5964
21020
19095
5268
6165
24248
1714
5436
24985
14429
19949
11727
21114
682
9132
3394
2289
6346
3811
15709
22609
24635
24691
3122
20058
17091
6298
2623
12480
509
10990
20785
10800
8803
2737
6300
6762
13936
18338
8271
20258
16812
3857
16489
22066
21529
7286
17854
22838
4255
14671
12550
24945
6386
20142
5817
19066
18986
16500
23782
15257
15360
18150
1594
17066
17705
6735
19805
22752
3541
19695
15006
21734
14777
11864
3832
9869
6256
12362
13401
6501
16906
8702
21780
15178
1165
1490
8347
22563
24127
2357
990
21195
10153
4182
4266
16491
12588
23125
2336
1516
20860
18816
22459
10168
24449
12530
24268
13301
6670
15778
7642
16550
9885
15653
7539
18633
787
21844
19878
24103
14129
5187
20500
23527
11853
10615
15131
23656
1741
18136
18874
5503
9996
3451
21053
2033
16953
2976
6362
23181
1408
11325
2543
20836
19709
15124
9556
21729
308
13381
8854
4823
374
18209
19996
16457
15450
4261
3210
3970
3599
13824
872
23652
13319
12736
18211
14814
8621
4036
9344
23472
23802
19715
12843
9543
23276
7234
1349
20167
5340
6144
5024
1480
3939
11244
8582
6696
17002
23722
18289
23960
20900
2900
1021
19883
22537
20375
23413
9922
9686
24433
20024
19382
13216
2357
7057
16195
12635
10634
5418
23040
15684
1104
8636
16407
12545
22618
1331
19760
5612
3146
18967
13132
3006
13546
19787
13914
15233
9091
13723
17150
10527
657
20545
9244
8558
6373
3478
20996
40
7837
22923
18433
12755
2427
8567
10051
12837
5695
12937
16484
149
15296
19951
11921
7080
9099
17813
14909
636
3443
4873
131
19131
10825
6627
10454
18028
15486
21260
23433
14260
24879
8335
9070
16699
10121
19006
20159
16253
22102
7120
3447
8219
8050
21354
23628
5773
11082
3544
1433
11898
17474
9121
12060
14470
2010
9109
8457
3956
12618
485
142
14687
3920
23571
18192
17637
18060
5976
20574
5498
11972
18390
20027
14764
13333
20452
934
10255
8989
23747
24632
12571
3328
6510
11020
10305
452
16621
1937
2309
8675
20584
18619
14976
3938
11796
2296
19763
16019
16472
10189
12829
16575
15261
7691
2020
1785
3869
288
10740
4149
862
14367
4436
22687
7696
24669
9100
12007
14710
23584
17664
19258
5399
2099
4569
9031
15606
12871
22948
23902
24727
12503
10139
10999
6749
9146
21300
2314
10495
20663
7121
21841
22099
10891
1830
6941
9350
18267
10460
5056
18304
170
362
1093
4630
10255
24355
5287
7335
6753
16481
711
7506
7428
13484
14032
23583
2974
21243
21862
15835
17272
15191
14517
23634
7105
8008
1899
9116
4036
9464
907
11246
24342
24514
19995
22237
5981
4940
13504
18897
201
4402
24190
8650
23026
2640
7713
9809
21503
16488
4356
19864
10763
3476
13067
13985
522
15826
22749
4193
15101
10713
9210
17408
13034
22625
15364
17531
8438
23311
4701
12525
19981
466
3067
13874
9767
2089
1860
15771
15234
12607
3614
8581
22127
4201
11949
18210
23248
16189
13138
8130
12659
9677
18622
23005
2509
10285
1800
1046
18265
20087
24796
14270
10219
20718
1907
14380
22225
10669
16760
22301
3613
7311
8348
23349
16901
15537
23648
3172
450
7774
24250
3118
708
7560
5217
782
17074
22828
16578
5510
4738
12011
12874
13475
7542
1187
8554
22873
17459
18510
12061
1185
6805
3346
22467
12484
927
22715
2227
17571
17781
12704
16278
6553
24290
6989
4608
19356
24147
16745
204
5858
4609
14220
11762
22995
9052
17841
5914
3149
14157
19935
18881
3415
24795
19447
2798
20894
2706
23236
13313
18042
14477
20584
23718
10715
19303
9059
13587
24840
7028
17073
3059
14745
18651
13567
4567
15422
94
15613
9590
1228
5045
13226
9655
13643
14634
7982
11184
24243
23519
21085
10158
20218
13871
10048
10346
14723
23825
16781
2014
13537
8057
5526
13201
9837
488
22796
4524
10424
10940
11856
6024
10680
7377
2935
15265
5670
21227
7129
1252
9395
21773
4217
10027
23043
8619
679
8777
9056
21080
24464
421
5073
9057
20480
2011
19652
8099
5976
14566
22043
23976
21069
5350
8771
21776
18648
5922
8866
7760
2258
12534
22917
8787
23825
13622
18908
3943
6438
9010
5591
6569
11529
6022
7725
22367
21530
1550
7299
24866
14295
11073
24309
5643
16079
7578
1101
22274
22767
18949
16030
8763
10893
4771
18232
7622
24699
16056
22398
20568
19146
3783
18999
7155
4037
10774
16737
18421
22009
21257
21713
8406
15926
22558
5829
10239
14876
8602
2546
21892
14831
23392
14498
20707
1820
1378
24767
13449
1248
17826
6888
12213
20278
498
13061
9330
16760
419
11835
3753
12979
24031
9186
19382
11505
2141
19950
528
13888
16731
16095
7052
19832
11059
20541
7200
10468
21003
18017
15300
13215
13370
1499
9529
1439
11154
2144
18182
13128
7808
287
7657
10423
12166
6215
6981
18248
4338
6015
8072
7431
15683
3942
24177
15899
9231
24563
19828
211
10015
15228
5002
3191
131
5765
5125
2501
935
19681
10839
18448
137
2021
15394
18312
14594
1550
21795
11262
12404
20639
15631
18446
853
16016
6997
18661
2059
20175
6100
14582
6701
3564
21075
9632
22358
4527
6779
13049
24535
13786
4987
4730
13582
15829
2829
17927
8343
18793
21193
2541
5109
22776
734
17840
8003
6435
21125
5805
9395
7563
14067
4883
4589
3517
19374
406
12887
5239
1851
13411
6778
17589
185
19263
9311
14954
20740
17589
13490
426
15479
20330
10244
20987
20233
1150
18121
8627
18519
11425
11425
11704
24129
3884
17376
16666
15766
12749
20998
17481
15700
14755
202
24460
21681
3319
6542
12357
17107
6150
24797
9965
665
17289
15741
17117
13512
18263
14984
13851
23352
11717
2814
6717
1574
21490
10292
1540
7438
17510
20379
9977
21835
5102
4708
22261
5832
19710
9582
22464
6720
13221
8085
11599
21395
8879
5567
18606
24725
11112
11469
5951
59
22354
2660
6366
3527
10278
5738
15004
8747
960
589
18059
3772
18435
7995
10261
2627
19553
18651
8625
20349
4422
21282
21009
11386
922
6024
14291
5392
5864
23664
3730
10701
669
20069
10820
9314
5840
19389
13129
21250
3052
13273
22030
9579
16071
5402
22205
21983
21843
9883
23699
2714
9821
151
11147
8761
23340
1564
6638
5478
9639
23803
20699
3324
24377
9526
18558
6231
12795
23658
926
6443
14176
107
23161
6371
3941
17251
21431
15030
3746
11057
15365
23552
625
449
18396
8175
4769
6237
12912
13968
24543
5918
574
3707
3037
8549
9336
10353
5744
7658
8453
3121
24372
16863
13109
12754
24170
5533
19979
22373
1650
10521
9431
12152
18494
23026
16766
16095
21040
19169
24375
11931
20949
12679
4395
17755
14083
16369
24744
13216
17007
19572
19487
21000
3143
21343
13432
3430
18888
14643
23512
13885
15599
13582
13080
10942
16873
15873
7383
9930
15510
18707
7788
24428
921
11412
4971
13761
9991
24728
3470
6407
6962
51
4153
22122
15058
21177
14606
9964
18154
6109
24131
20353
6700
19997
20631
9628
15243
2022
24059
4320
22564
3382
19329
13803
21655
15975
16295
23017
5013
19685
9730
23868
15720
24141
7158
11517
22402
928
2761
13532
22586
15876
4564
8802
20670
23065
23821
6598
8018
19196
4960
1925
219
4610
1749
4878
20459
21086
2783
23930
12635
10505
7910
12167
17730
18826
586
3041
15300
6884
5152
23361
14390
3715
7412
17816
19007
14909
13299
19341
16265
7735
12840
17293
3471
427
21429
5773
2219
10529
7092
19810
22486
658
3202
16063
372
960
10043
11775
4886
12310
22962
4093
2190
2527
3715
6112
20609
11896
23125
17780
12060
24976
22159
14029
23759
24356
761
16447
8429
23134
8257
2299
8006
16369
2133
4330
9728
2148
17271
23617
15431
7697
17549
17148
24875
18685
22686
16021
13978
10712
3544
15330
10518
10531
8610
12098
10868
19940
2376
17841
24213
16806
19175
14254
13763
3376
16856
7315
343
7173
16730
22075
10223
15077
24001
9706
16231
12323
23365
18033
6695
7064
4603
10651
7512
11523
24842
9220
18653
20684
1225
22036
1525
7346
21001
16321
8235
17902
3197
2903
9919
16791
994
18969
2798
11969
12088
6754
10347
1128
14268
2879
11440
7486
9006
15410
4920
22410
18062
5919
15035
4399
14706
18627
7604
9023
8562
14560
11665
10905
4548
9893
3100
19169
13136
14498
8210
904
7663
18129
15203
21149
13948
14625
15116
14504
14342
5576
13232
8580
3198
9004
21043
16901
12906
21574
4820
18402
18751
564
23935
459
4593
8057
22947
17095
2811
2390
7616
7086
14293
23949
24729
10006
21267
11392
7769
18957
18665
8475
23475
6130
7115
2373
23035
20280
16758
14621
3803
23803
1985
22087
2875
5801
144
10365
16531
13730
5396
24141
15379
199
7374
296
19343
15575
18391
6734
13931
14734
13610
23803
922
13874
841
7043
4308
11122
10332
20117
3624
8206
16580
16443
9361
8994
1453
5281
18599
19743
426
11513
4810
8673
14999
576
742
21906
15052
5390
14133
11769
17352
18961
21412
5358
11193
13161
20021
22089
7605
10269
7916
12931
16590
21433
5930
24223
21217
16208
20134
8810
11596
20807
12352
8019
7426
17524
9618
13811
24394
1963
11290
5328
1653
9024
9820
8854
4243
20040
11914
6451
3802
1557
6818
1209
19612
7486
518
17779
4434
15118
69
17530
18697
21775
23534
17617
6863
17997
19552
16737
9338
17182
9887
2918
8214
19350
22763
5793
16436
2158
4747
11685
22594
23296
10049
10396
16844
22008
4074
7954
1192
17589
24118
8236
19506
5770
23898
19525
6795
11141
7794
5833
12599
15099
7781
24069
24278
1972
15198
9843
20049
182
9260
11751
17942
13416
9582
11457
14669
3548
15082
19949
22383
6180
24484
23619
15806
22835
14572
23102
21258
3986
6019
8730
18975
14797
1767
14676
22804
7394
206
9720
22530
13480
22266
18074
15876
1385
7490
6713
18082
24942
21458
16898
13439
5360
18199
17636
266
7560
13308
15183
19240
20712
4720
16903
2861
20885
17898
1408
8805
21333
15193
1970
14698
11
24924
23994
6605
17221
13092
2781
19764
9755
18893
18759
1451
22310
2777
20920
1361
21829
12861
6935
2622
23290
5244
3070
7555
20556
11622
23429
5893
6561
20343
13314
21366
16131
23421
14309
13893
3311
3790
16069
3722
12894
17295
9953
1425
1733
4934
18251
19532
7685
7185
2948
4069
15068
12830
1201
13742
5631
24828
1692
13076
7502
12247
1122
13983
403
16814
19933
8785
13378
247
8489
14469
22518
7168
24227
12121
20899
22690
9045
22970
20139
1912
22569
113
23366
3608
8752
8434
22871
7441
1141
24802
2886
11147
15682
11478
5405
10528
10193
6469
16551
16344
16298
5763
17026
24694
8665
7422
11336
8886
20429
15207
10367
18612
1808
12992
1657
10301
14304
9993
13051
7316
9874
3149
5196
17752
6154
1260
12250
16944
8828
4446
8483
16483
23599
14630
4228
3349
14562
2768
20978
2349
5481
15546
5192
8811
8325
3680
20532
4290
8134
18925
11758
24280
1847
14343
21319
2125
10163
16070
20329
9150
22802
17316
2470
16929
21201
6438
23790
5059
17680
14382
15757
6656
23185
21381
10385
23850
4873
1111
15072
15402
16625
10844
8816
21196
23475
21891
4641
7314
9071
4139
23789
5953
850
10415
15827
8610
5918
7012
16277
2956
5724
11477
21802
20864
13454
10659
1589
13943
24688
3970
1919
4233
16659
924
21682
6059
20341
13938
1535
15065
23190
13861
2721
10319
9016
22651
18834
732
19789
17930
8247
22684
14183
2675
13863
9179
2202
113
2995
9079
4938
9927
17450
4163
13672
16124
14978
24465
22700
2117
9401
12389
7466
21704
10770
2663
19574
14378
14437
22028
23185
10372
1772
19331
8504
17132
23792
5839
17054
19868
12269
7335
480
16665
15603
22176
3057
20023
799
14081
12141
22865
18530
6387
9458
6540
5694
9282
11750
22504
17239
3674
23844
8361
2371
5544
14350
23275
1087
15006
14811
4085
13667
19729
13298
18192
19366
19920
11247
19886
14279
8431
13701
9325
5159
19030
2489
23977
15191
18212
18400
20777
8697
7920
14645
15087
20771
10608
4808
12607
22619
409
19351
14327
18880
15215
24713
18192
117
14157
8090
10127
15701
14633
586
15146
19020
17426
3776
15923
23661
10690
19655
23606
5401
3983
9385
4213
1064
22041
13777
18192
12655
344
13210
10352
6178
20550
3432
19077
5954
14545
19618
7518
15220
9500
482
6130
9809
11899
14191
9837
6953
23177
2272
6465
1891
11710
4395
2269
142
12562
24284
24606
11351
2734
9849
9022
19850
4915
22473
17281
2884
24285
18639
16195
24119
2800
4683
14629
5364
22479
16226
2310
14171
6151
24360
10333
8148
18104
6892
6347
13190
13171
16111
3573
11759
1383
4027
5852
5578
12413
1694
11232
692
13814
5743
23305
24599
12449
21433
3528
15077
3696
24241
23270
18767
15876
5322
11275
7929
7846
24679
17258
15780
12975
22651
9500
9710
16236
14494
21782
17406
17076
4463
7164
4658
6482
2939
4179
16384
23738
23056
11549
7046
22508
12646
17025
2525
8023
11024
8704
10120
16240
373
20992
19185
5084
14568
23772
17935
4018
2667
3761
23781
19509
18788
13730
22056
4831
22589
23083
2850
3045
21149
14235
15040
20387
12840
13072
17606
2072
15225
20797
19257
22634
4138
10871
14027
2855
15463
21866
9953
17740
21866
15590
11391
1528
2630
24511
19724
3701
16938
6798
12373
1131
9833
5066
4817
23504
24656
24664
13652
16349
17511
10497
6847
6586
2360
20319
13970
5236
6456
16692
19803
5967
12084
2555
15432
11812
3863
4984
5199
4866
21848
478
10192
8393
22981
2568
22026
4682
2405
13022
22483
16518
14913
17382
7358
14078
2437
14324
11872
5107
19920
11682
1277
2736
2390
17726
4880
23759
10317
13912
4534
13740
22345
16352
2346
6479
17290
11229
11361
21071
12641
14737
4766
2391
20598
1901
1548
8438
12984
17455
19175
24100
17003
4003
9388
5533
22647
15895
15956
3091
898
22547
5284
15866
10720
7481
8518
14953
14232
23649
12005
253
13687
12117
3266
12458
1231
16427
22417
23477
9089
17739
10639
9614
13950
11687
8098
2973
7415
14992
17343
16788
2857
15210
10182
10693
10248
1438
22203
7125
16911
17278
9571
17697
7071
12810
18928
8861
14182
1934
7889
11502
13902
17448
2625
20816
15699
11987
9147
19457
8206
11999
19788
3150
5751
22244
5998
24833
23625
23970
3562
3511
18327
1290
9584
22479
24766
18251
18847
21923
14341
4725
18107
17377
7324
825
5676
16744
16031
3084
21950
3373
14700
20608
22817
11052
18909
3782
18190
21763
13002
8519
24991
11503
7655
2673
16376
1797
8297
15576
16496
4677
20382
19885
20830
2744
2709
4337
11940
2253
24491
11402
8101
3371
3216
12369
3077
21654
12408
24824
2043
20166
12843
10495
11540
18796
3705
5541
14630
3389
17494
16032
14589
3217
8146
16350
10089
1174
13059
10476
22542
3958
5042
8821
13063
19643
12972
7581
407
10799
10062
24999
2573
6819
21072
22748
16803
14483
8600
23139
19731
17725
9508
23059
20718
3045
4237
20233
10041
22383
23710
17956
37
1608
1361
17078
12108
2492
23481
22139
21090
579
6050
18174
7249
14820
2625
16051
17856
17698
3386
14322
14457
12208
1211
16876
14687
11569
20364
19671
15248
15252
7837
8909
781
14419
19199
15483
9710
2991
14372
1556
19542
7169
9190
10110
7964
18089
4162
24202
7687
21220
3056
15039
13493
20787
18221
21756
18533
16527
8525
22621
9808
21435
51
4349
5922
22356
20909
18450
609
23295
22960
17300
1665
23038
14718
592
22637
8470
1795
20338
21653
9610
17606
7909
13784
13615
10499
21774
8951
21643
11937
5271
6065
14282
7913
7803
16385
4079
1447
13691
12611
23752
12774
15448
8926
1862
1403
2974
15253
9630
6410
1
19290
17943
1264
23166
5862
3308
23671
24635
660
3585
19191
22911
16758
5866
10006
21429
3415
24075
20212
2949
12310
6061
23207
3602
3356
15734
24606
11712
2969
23298
2595
24031
12545
16757
305
20718
4495
6344
4409
13865
4307
22072
20381
19854
15875
1384
22638
20941
23726
2499
23585
13454
16916
9987
256
8237
21243
17767
8117
5808
7555
3940
17244
10756
24845
16807
9633
1656
3954
1623
10561
7301
23780
4537
10306
18763
24565
7798
24174
24582
8031
19187
12378
22601
22097
17417
1573
18533
10722
7415
11846
16882
94
22677
12730
4505
16312
14854
9592
6377
3278
24260
1390
15802
22639
19945
8514
11206
22580
9858
15572
857
3564
9018
23719
19111
23808
7159
2282
11813
6989
543
146
1324
3863
14356
3029
23556
1188
11117
1323
9532
13730
9542
1733
24473
16479
10125
11668
23118
15285
13069
16583
10456
4710
13811
16210
17972
10849
32
1864
8228
8243
15552
24479
7384
10317
7122
22845
14174
3618
5632
3797
5954
2958
9561
7890
15668
16409
11574
9597
5251
12199
261
2029
5726
5554
8254
11999
13774
16931
20255
13296
6170
14500
11850
10374
22775
6914
4
5520
22025
18175
10912
13880
22616
4101
2966
2383
4187
1330
24843
4250
4897
10964
2392
13129
4199
22888
21106
19565
2577
6926
10336
15935
18958
9680
23576
17583
1180
14452
16956
10672
19282
2983
18382
23399
18164
14087
21824
19252
22322
20560
15438
6289
9498
23977
5589
20260
7353
2878
2126
7409
17573
8037
13915
15510
620
13928
10910
21814
24861
12837
8036
3882
2877
828
6357
8776
14091
23230
2580
1164
15177
4385
20977
4787
20853
14519
3871
11239
18033
10146
23282
10595
24659
10577
5752
23788
22564
1226
24068
11944
21875
11256
20858
963
14177
22630
10510
20818
15334
11313
20245
19126
19372
5518
15181
18506
19246
4957
6236
2800
10541
15529
7158
18254
2672
7541
12976
11709
15207
24592
19271
11541
20757
17656
19547
20042
21573
13518
20524
20339
18186
20440
8558
12251
21299
9833
4524
19074
4619
12308
16222
1743
8310
19603
3734
22331
24412
6794
17841
17562
24960
14470
23337
15776
10147
6084
10021
17481
19601
1554
24227
3734
9529
3688
17358
2278
16727
13141
17648
9442
7921
15865
11109
9599
20197
14041
24537
13014
8825
22146
6986
5375
14154
31
16712
20388
15226
181
661
22590
9451
8181
15019
16555
8780
12958
7889
18852
11659
11756
15694
11226
2710
21501
5929
3017
10653
3646
20538
21094
4273
13921
23626
6178
12892
16532
11476
8020
10532
12515
17522
17913
15265
14376
410
13935
21391
23442
7041
16244
21444
7747
7211
3585
24917
15589
8697
12948
14942
20779
17034
4934
19791
17473
17411
7930
16770
15182
10260
17050
21227
23892
4799
9275
20624
16890
14018
1536
14702
15757
20372
23969
1309
9103
8413
22995
18030
7223
6212
8768
10435
38
13132
3313
5538
11134
9951
18888
12874
22145
2815
4532
11304
8115
10114
10888
22666
17251
5935
23848
12747
885
15593
12667
16194
9337
20959
12124
2785
5154
6548
12840
23626
19260
22444
8926
9607
4870
1233
5866
6955
3180
19738
11865
18663
903
21143
16336
22671
18043
24316
17005
9614
5763
4310
15
13934
10961
7656
14849
15911
10851
15100
1384
6134
9217
218
1435
24197
15807
11727
19365
18547
18275
4534
21762
19168
20534
749
3164
6891
11689
2625
444
5699
4024
21616
9700
23362
5477
4729
7636
19243
22645
17505
6132
21886
11798
15819
23921
14065
16958
12005
14860
24628
19275
490
3591
10819
4482
24669
5209
18458
18263
18014
13406
23053
3041
17057
8345
13355
12214
13750
21148
17771
4409
11569
24136
2626
11570
70
19014
17550
4359
211
9731
21846
23726
13598
23066
17569
17202
12078
20578
14176
16449
19147
5893
23405
9927
8602
21768
12533
11989
5787
10012
1131
9203
8001
22348
16990
12949
21064
6933
9303
17881
12742
12238
22102
20478
1012
24170
2087
17794
7985
23197
9668
7116
13916
4774
23360
14163
236
688
2323
4205
5474
9380
22068
22921
5418
11665
4560
6602
15942
11686
14889
23734
15088
6721
11730
16373
14020
7618
5403
7406
10739
2271
1838
14661
10937
8128
21161
18635
23106
5414
16317
2754
17407
411
5861
20932
14503
23298
10076
19246
2455
20334
23491
21298
5744
7844
24918
1431
10601
23899
6484
155
21228
11983
22924
3530
14209
18239
19374
23868
11215
13902
11664
13873
2187
22157
8559
7160
21999
23906
1032
7941
5563
701
9604
3080
24399
1003
3857
23529
14462
8665
10426
4904
23554
1911
11329
12862
16195
20826
17144
18579
7803
1930
8264
24370
10371
5819
13835
23847
17688
20285
15808
4119
24569
17312
12783
9501
10992
7576
23703
3550
6176
13889
23212
9896
10721
22790
12827
24058
2318
13325
11154
479
22781
24844
6387
5761
20212
5823
21580
13400
24707
15677
23879
18154
2171
13522
6341
11559
15924
9618
16693
1620
18478
24285
5629
2462
7398
15902
2135
12194
8415
6917
6301
3845
7601
9624
11749
4480
5003
4541
18123
19229
4053
9567
12193
1630
24476
18940
23891
12629
9867
21870
20948
19797
78
11498
15903
2983
19865
2383
15453
1557
10888
20040
18479
24967
19748
9673
23908
3440
16234
686
6116
24798
23467
4420
9337
8013
2306
7527
16636
17682
9454
17047
21840
12002
5756
3325
22785
17966
3598
14997
11450
16270
7030
8373
75
24947
4646
22979
21510
6682
22274
7213
2901
2035
22846
18809
17536
6431
20402
11970
5008
16964
13151
15011
15046
19423
1940
16491
18325
7600
17026
22133
13159
23067
15653
2443
17710
6690
17264
1644
1285
1703
23717
839
12770
24039
4519
6782
13041
2991
22584
16484
14745
14861
18951
6911
2108
6923
13094
11190
24010
4677
4307
486
4142
2212
14016
13224
14870
12768
21074
1148
539
18333
4777
5990
8917
21899
10767
22640
3478
16266
1628
12370
6021
4588
12666
12969
6063
21100
15768
15793
5146
24776
23099
21195
18786
3411
23080
16522
22390
5886
17780
23212
15970
24670
1618
24039
353
7303
24597
1351
6256
11291
19509
12121
11802
19033
17282
23250
19566
1601
17282
6086
7286
15153
9801
9516
18800
19077
2412
376
23823
14757
14229
10208
23965
4755
9452
125
10783
2540
5087
9213
6463
24100
17647
8175
23520
8518
18945
20412
9750
11678
7419
2544
19523
9127
24476
11670
9028
8626
16321
22067
19592
16471
15477
16366
6256
513
15790
6996
8977
5193
12375
9687
1929
3535
15030
23011
3272
8657
8441
13868
4504
3116
8939
4755
22769
6194
19818
13777
22509
143
20969
19216
3640
2377
5110
23389
23645
10237
3530
16770
4754
2762
24896
15086
6909
11046
21734
3445
12590
7398
17626
16702
7761
10124
18530
12692
14344
16488
14144
22064
17393
7897
15360
16296
12661
15137
5669
22294
7507
8931
13443
19896
17584
20677
21413
3120
24814
8754
23990
2546
2620
6433
9210
5291
6753
79
21373
5225
1954
1957
11061
1028
22041
8063
5016
8513
7673
9188
5366
11002
5401
8526
9508
13574
17713
15867
5278
1196
4014
7945
7508
21127
14572
6843
16939
664
2773
24723
1786
6062
6949
19152
18976
10342
18649
17365
12453
18119
17737
50
1103
7928
14965
19824
16117
1279
15144
17697
10502
24779
5184
7164
14889
12054
15862
7058
8361
2893
21140
10785
13215
996
9940
22287
9529
13638
6615
16554
20752
2285
22791
16423
19188
24917
21295
22126
10151
22672
23357
7275
19874
16509
3938
13996
20827
8769
21530
22337
19785
2517
16088
17363
5311
7574
23526
8464
18023
7021
22997
21793
1161
16410
19570
19925
2342
4734
4538
17167
24948
13983
16700
5707
2495
9730
12344
3098
500
20264
13991
19336
1200
12500
12772
14215
22836
23415
12585
2022
7203
11149
8069
23770
17442
21412
18805
14232
21832
4244
20991
22863
16329
8253
5268
8240
18489
16335
7163
10229
16611
18793
5643
8426
17988
2727
441
21529
9589
16974
2277
9179
951
7847
602
20530
15349
18431
11346
4424
18525
6861
12971
9468
17129
12969
9573
10165
11736
3438
2865
4242
6553
14072
9062
17291
12916
17559
5876
11007
187
23368
8058
15031
5845
13760
829
1079
9902
16091
24830
10209
17455
21628
17733
254
8015
10676
6418
9895
3714
13234
16795
18887
24167
8440
23327
8511
15455
3928
18171
13325
19524
935
21532
16369
13212
16285
9190
21183
16441
4001
7461
11212
21201
15480
8440
1820
13032
24342
19909
7630
16225
1607
22367
22644
17309
15623
272
24738
16301
9325
3630
6439
10071
16623
3086
3606
18989
6007
14740
20444
11453
11429
9510
21844
20158
23318
15340
707
12912
12902
24280
21719
23222
5599
13638
20305
15032
23340
14510
9094
1703
17812
15241
17444
19038
7039
10678
14524
8610
3707
13037
4520
16616
12496
21980
11186
9935
17670
8403
8140
5728
10394
11890
12820
2412
23111
17924
14558
7004
22534
22977
4668
6285
867
22862
15181
22118
6706
4832
19816
10808
24971
22482
15835
19996
13225
19314
7945
13382
3772
24311
11909
4742
18251
5287
17760
10899
17333
21458
5391
18638
3717
18515
3933
20948
16727
2042
13201
13020
14631
24988
7078
15916
11223
17306
9216
14192
10216
10575
1799
23814
11215
18672
12238
15629
20350
12678
18188
1045
19548
20731
4530
17109
18152
414
14652
10833
12042
13997
18218
3905
17449
382
21118
2091
9510
14401
1441
22565
8
1690
3823
18806
16307
15420
16854
21054
15000
2174
12879
3094
20027
21457
2584
17632
3474
22108
11670
8066
21691
3941
1059
1664
9880
22973
18572
20278
24341
14847
18975
2008
13032
17373
12938
5644
10587
915
3129
13650
8344
10367
1615
10308
16167
8029
2789
2143
12590
18232
21150
13775
20135
24525
19552
2628
14181
9372
15881
14505
9849
15539
12171
23683
23496
8260
1066
21502
114
11574
6663
2353
1108
23441
7312
24979
19047
4412
168
22445
7908
21532
942
22118
2454
16014
2227
4669
5318
11003
15584
23404
19522
18679
23073
13637
11429
17336
12633
6145
18784
7613
413
4769
14402
23452
16619
10668
13297
8570
20018
18411
516
9771
12602
23104
21634
22267
24498
13065
8480
24020
544
10240
14409
3850
11271
17141
23069
5959
20385
9469
2373
5954
11625
19120
12253
2679
18772
22751
13802
13402
11378
12188
21555
20660
14437
1099
22814
6185
15787
23509
16707
8666
10621
5968
14575
8790
899
2502
4570
16485
2408
18804
2842
23345
19531
21020
9104
18068
13177
8632
14259
23472
6292
11373
705
1298
22676
5381
14484
13281
19638
8456
11724
10530
23670
9382
2148
2291
17501
9264
4043
16750
4754
14811
19138
1477
20788
12
3280
12054
1112
2434
2721
7649
5527
24093
5212
3160
3906
12996
6171
9516
21953
20738
14519
8372
7621
18089
10023
1143
8966
23891
2993
11491
19831
20925
10019
12757
16871
9079
24445
19438
24556
10026
21194
7632
10465
21008
23537
6540
14673
20471
16674
5002
20893
24021
6020
4230
9074
1506
10556
6696
8083
13523
24797
22127
22316
8065
18797
15049
10145
2280
19166
19421
6051
13141
19006
22413
7095
6450
5115
17449
23446
20401
23671
1236
19457
3576
730
9362
21476
9871
566
21407
2298
2569
21287
3688
2265
2744
7142
6318
10455
16673
6584
3194
3723
18205
8204
22010
21079
6283
8111
7018
5029
8013
5214
8119
9034
8009
22264
14952
6405
14017
22926
24423
12752
4826
23830
4193
15976
10788
4475
19282
18252
20156
12376
14163
17159
12513
12276
24587
1355
24654
16205
17675
11606
5481
21071
14449
17408
11076
21390
23819
24347
21852
9815
780
144
10083
15737
9503
3012
8793
17414
16133
9666
23217
20574
10530
21419
12330
6865
4489
10815
19686
6929
690
9419
14531
19439
20270
15276
15555
23343
21965
5095
16397
24045
19020
18784
20428
6437
21242
15910
10149
22758
6640
7762
5062
8620
11257
16582
17101
12083
6700
8172
18781
787
18939
18698
21550
35
8430
19392
20519
287
21623
9242
21004
21342
4088
4828
14291
9018
2171
3455
1733
8344
1509
13642
15251
14979
4034
1528
9860
3565
8791
12339
15065
14967
19919
7040
22091
16931
13021
6428
20685
11789
12717
3384
23380
21686
6833
3740
14975
13119
16797
15976
22598
20705
9921
1603
1330
20875
6159
800
4912
1625
13812
1608
13361
19051
11088
14787
20303
13903
15905
679
1424
2896
10960
15507
16386
11553
17498
14360
8210
16906
16687
14938
679
5692
770
3311
18082
9356
1710
11233
7900
1825
1457
14803
17543
21041
23725
16163
19384
16216
10469
4455
12421
2144
22956
3844
22322
10872
19045
1517
18803
11609
23011
2763
6127
19499
15315
22595
10958
13504
23321
24403
4488
20283
3783
17220
8857
24049
2654
3302
1648
16820
24161
20465
24504
3697
18130
1322
2907
19422
10948
12672
1595
20645
8712
6846
17412
24428
4784
12722
13872
18782
12451
23894
6645
8912
10309
15754
12805
9583
14583
23926
23005
13387
18785
10227
8754
2642
13117
2361
13471
16890
2446
21107
8766
10958
21257
13752
7328
13396
22660
15520
23174
16954
13596
20219
15054
4034
23780
19746
24444
19851
22091
11402
3605
1903
22014
1252
11643
23094
17348
13592
16243
9044
12139
20620
14505
13606
5623
21224
13845
17701
23672
7765
10772
13083
20138
18321
21398
8491
11622
17132
1780
10755
5677
21364
12078
16614
10252
17417
23521
6132
22909
7832
19747
626
2618
15339
16296
3018
11880
8230
12459
13844
24958
13794
6299
16246
18132
18764
16568
8200
22898
17972
20805
12457
3710
15330
18189
19144
23704
17772
175
13466
4413
14158
20053
21739
3616
2694
6901
14357
19261
5764
4670
13833
19766
4685
11349
13830
6173
2804
11737
10346
12412
20362
11826
3599
19170
16183
21659
9308
9867
840
11627
17296
18339
23982
14098
18078
22107
16363
5666
20045
24840
24960
15059
4821
2213
10415
555
10735
3353
15969
282
20296
24982
21192
18441
19046
18179
1445
10674
18585
22456
7739
12072
3716
12290
3913
11976
22468
3113
1906
15777
13549
4380
1591
20535
21062
14664
6514
7566
8268
17361
8495
9813
8902
4080
11498
13900
7327
20020
17331
7590
4744
13631
9788
10830
20882
15216
11274
21609
12701
2203
14953
17212
3818
10042
455
3405
23004
24155
11132
9355
21046
12786
22806
14281
22768
6180
10598
20022
5907
9227
19286
4821
4749
8043
21346
21608
15877
19480
22789
8316
7313
20298
10966
10672
13531
21418
5199
9809
5528
241
22683
18552
3816
6062
20376
10580
16584
23515
17765
8226
11675
10910
20376
204
18405
937
449
2012
22860
11502
957
14454
20163
12675
6169
6520
21621
3418
5370
17302
11476
7903
20181
23576
7132
11081
2613
9716
5880
230
2161
3425
23388
4959
24547
4781
4764
23071
21306
12296
20790
18490
3696
5037
4307
6113
15475
6056
16051
10143
10765
18580
20471
8149
18689
9909
19355
10015
4882
1667
19731
24071
2320
3549
3614
24884
11732
19857
6835
13551
866
9432
14977
3506
15466
2163
23526
18119
11058
10544
11553
21514
23922
2772
3008
16003
12728
3651
22428
2170
14149
16605
23804
20411
10156
19659
6192
24947
10521
17414
2705
18776
11846
23722
12212
22927
18567
22451
19887
745
8317
961
2750
22305
21481
24648
17243
19748
12
16352
12347
8248
5163
2200
12545
24555
2536
19146
22761
8033
14720
18795
9502
16659
17763
6335
15676
12132
1953
23970
21243
11362
18743
2662
12030
15019
17871
2112
8760
24999
7071
18513
21643
15729
6173
21633
16652
4622
8166
12026
20654
7737
7352
13817
24403
1702
9293
11285
7428
11824
8690
17753
12304
23317
7941
8938
9184
12572
18485
13331
7364
15495
17006
811
12170
800
19021
10480
21132
13814
9948
16382
24636
22021
13704
1202
21142
18181
9626
3705
6859
24524
19037
12970
12933
13711
19968
9375
7286
287
5556
12850
13002
17799
4089
1614
6559
11045
10163
786
22918
18801
10352
6487
17802
5488
3974
18759
9562
3288
16019
7858
19428
24975
5566
19829
405
11617
17486
3202
2206
23493
24599
9161
5802
24891
20653
19295
906
508
14447
18075
16793
9255
17239
5887
10407
22167
17273
1842
2725
21395
4731
14068
23803
3232
24211
17510
1928
2513
20396
18530
14271
14985
2387
16118
5654
5415
20681
6649
20880
19324
5857
6955
11775
9393
1439
20995
12099
9595
6210
17037
17204
21830
16243
4663
7149
8988
6914
6068
11125
17832
1892
1618
14954
16636
9747
12734
6263
1121
17376
14753
17684
11707
20819
21560
17131
1163
18566
3249
8122
18131
9448
6524
16162
19473
12215
8417
19165
11130
8344
9760
18487
14354
7254
12171
8166
2577
17912
16314
9429
7232
19636
6913
10256
16741
21425
24463
128
19471
920
10433
11800
16801
24842
24826
21331
4719
20818
14143
10020
4761
7744
20599
23212
11548
24392
20411
11657
11330
20665
24756
9614
18690
15677
22483
16928
7417
1889
2515
10403
8496
6049
8318
6250
503
3917
11570
17690
20077
941
19885
4933
1803
9292
1692
8883
263
484
2463
17019
22124
6711
19395
22368
17347
7312
11173
23344
9818
22436
9119
8929
2564
17180
873
8132
10740
12232
23248
7357
15825
13956
13803
18191
14457
16913
14417
24733
14783
20281
4954
19510
17790
23568
4681
11272
18495
7573
15351
15233
9362
20065
23136
1223
20463
12575
23472
7845
1061
9264
16779
24359
10561
8973
11390
20914
3535
8388
24953
4676
16412
19842
8525
24002
19078
6157
18582
2985
4390
23623
4395
15939
14775
18190
12254
10555
14337
16058
19714
3441
8420
11546
20005
20870
16000
7488
9146
14452
8542
10206
1484
9128
14014
13223
20654
20837
24884
16205
2681
2979
11228
4496
18408
18635
8264
7973
688
20922
2662
6916
11426
14760
5044
11104
18015
311
14506
16503
20212
19303
470
10687
8733
2331
18600
12306
4224
4966
15891
3704
4375
4506
20800
12241
15504
7540
5300
9094
1093
17634
3475
12643
20908
5907
20420
19155
12804
8981
6729
22380
3061
19018
20917
9653
19103
16769
10865
16063
15756
11540
9930
9649
3068
6999
19910
9163
15994
5249
628
6902
5721
18793
16387
14376
16258
5228
2900
24307
7213
13195
17370
20390
24048
23998
20425
18900
11735
14762
8466
10341
10467
19253
8392
21351
344
24181
6736
22320
21067
21979
15014
8331
16134
17289
16025
10499
19788
7856
17049
2047
2628
2140
8171
20869
20964
12144
20889
21509
12905
10867
13205
15347
6641
19224
7100
16769
3613
21508
13087
21490
768
10818
19564
22471
9614
10719
30
68
322
19732
18304
24744
5397
2418
3998
10484
1398
17445
14546
7473
13766
18651
8244
9529
20760
6855
20077
10969
21793
6975
14989
10500
9872
19285
18991
13683
1719
15717
3892
6078
8393
17250
12580
3566
5146
19694
24576
1571
19838
22813
11925
6922
7002
22535
12702
14786
22304
2641
23882
3684
21284
8490
4706
22250
10634
18791
16242
24360
11592
21480
11096
23386
19813
20434
20902
6696
18869
17904
22745
20094
24382
1905
11961
2556
24682
9111
11002
21462
18163
19043
10835
4989
21382
8657
2135
3184
13963
23132
2562
24156
15316
18213
6879
10595
22877
2591
17632
125
20638
9585
11346
20268
19676
612
12767
22420
7615
4790
23018
16444
1132
6325
5281
24750
23251
3721
1705
24574
8092
16279
8374
1702
10121
11679
17331
24323
17128
15733
24379
24242
20278
13150
1574
13531
8138
9242
24898
16958
15870
9784
17781
11701
17702
24598
14844
7576
5877
13109
21569
17931
12136
15371
22420
11862
16332
5426
19831
4224
2705
10495
400
12725
20878
18664
14228
23540
16196
20390
11664
5198
20991
8631
11704
5357
14245
11491
19485
12646
15249
12286
9233
4137
11322
15144
17608
18726
6569
16845
5170
7954
449
10753
4584
23553
1405
5442
9553
15708
12341
8578
15158
4044
18749
3279
16704
22249
18267
11121
21427
11360
6619
21746
24563
15058
2292
102
20218
14013
19596
21509
11574
22009
20997
5428
18271
18107
10071
8207
17394
16439
1917
12350
20974
1295
15246
4148
23284
9055
7774
4509
15671
12533
19065
8463
8779
8805
5665
9946
12134
7576
13545
7327
13635
17223
7350
3422
24028
2199
15640
15701
18168
13555
6881
318
12099
14060
16027
13142
1539
20413
12320
18983
20395
23733
6501
8364
173
15055
3550
24467
8220
19531
5575
11770
17496
2806
15293
1746
8121
23853
7586
21853
13345
13475
22471
2412
8921
14385
20477
9600
8571
16069
3135
17662
16077
16745
7925
16219
12694
16361
5728
13903
17846
3672
15025
5275
6112
3471
16905
5847
1941
16790
3010
21897
6704
11281
12706
22933
5069
18161
22787
16814
2414
12991
20608
14832
9247
24761
24255
18910
1799
1130
23290
16991
9907
20950
11001
19101
16260
7245
7123
15896
24497
18867
24529
4177
12101
16809
1642
1514
6324
6823
23553
21187
849
963
19292
4366
10077
24914
14759
17219
17449
9635
11120
18406
14893
22744
13464
21462
1300
23646
18724
5071
18789
12001
879
23026
1762
15588
23732
7388
8998
316
15807
4793
9514
23566
6645
6819
13509
14379
879
11170
2951
20670
4340
6208
10585
18412
4677
22330
21534
9320
17075
11312
21344
13531
20165
3992
5367
4770
23935
7309
8591
2715
23990
4377
19228
15611
9457
15714
13176
18889
10118
7086
20677
5931
11683
24151
6061
11381
2290
14399
10751
727
1572
20496
17541
11642
15305
13609
12413
6116
20501
7866
20851
22338
19655
8575
14428
24709
16938
24553
16363
18385
8093
10396
18960
9797
15017
10167
4230
1418
3513
5017
22622
4573
14007
10049
6303
1714
21240
8647
17741
18680
8744
8670
10069
1759
17735
4364
20081
2660
14322
22622
4084
20692
8150
16459
3243
5547
16929
9216
3783
17522
16211
6182
24241
1615
16397
14340
7773
17304
11763
10804
1383
7869
13468
22797
21548
16848
1333
24481
17318
20659
6704
14544
4433
5803
14487
5608
15304
6573
18777
18866
22259
17974
21039
10147
20653
10473
18162
17572
7299
23965
9148
24365
14147
19086
18603
12086
9202
5924
13827
2821
15183
9036
23244
16083
14345
2739
24528
18816
18859
22614
18794
4811
2825
20050
15186
17846
14251
11902
5074
11470
3021
692
13840
21747
155
21586
2530
3241
15207
4899
9648
22478
3665
3098
1017
12154
2972
14878
4509
8910
22545
3514
23964
24059
23573
7511
19774
1659
18994
5596
10714
16556
21715
17083
2102
8621
22059
4366
12800
4822
22623
14353
2564
22799
24216
11460
19284
9711
22566
21312
16826
24841
11272
7231
18598
5878
15150
4457
21262
15765
15510
10678
663
10253
22758
23231
16934
21478
22862
12231
20440
14140
4533
15573
12160
4603
823
10512
22637
24505
19032
22090
12277
12980
24179
16905
24577
9158
14324
10070
14191
12077
23965
10779
19342
11439
13383
9922
21368
16247
21736
9960
13413
19115
7747
1098
22323
18169
16100
1325
194
18329
4079
7378
310
17957
20591
5942
9682
250
12828
24231
209
7084
2264
6581
20756
24517
9659
13985
16313
20524
24501
4834
4296
12627
21966
11349
23445
1182
13664
7031
13430
9058
13610
11775
2770
18185
20189
5378
4759
10020
5448
2447
6845
8644
9227
20961
4774
4748
6321
7641
14251
19198
18303
16356
23899
13004
3645
19911
5689
6960
8971
23656
11139
12962
5277
8677
18890
356
18608
20599
7523
8926
17887
10407
1671
2024
10017
16494
