3550
7452
3136
7988
3191
4798
3612
413
7821
2313
2780
2858
9006
4510
8926
9958
9162
1214
8027
3175
2499
2271
5090
9133
2818
9444
8129
8812
9047
1480
3227
7709
9662
4162
4775
739
6209
4353
7534
5134
9060
8697
3316
1193
3037
7226
6709
2819
8235
6883
9777
8505
3290
6657
7192
4173
367
2378
9178
2129
9694
9481
2326
4345
4980
4757
7620
6389
7515
1501
421
7496
4878
7850
6638
6311
8079
2746
4751
228
2405
3410
2765
3334
9426
8372
379
7078
910
5291
1627
8213
2742
5106
5149
5981
582
9796
3290
705
887
8988
5795
83
1913
1682
6732
3284
4781
8821
9401
9118
8099
7764
7000
4520
1629
1442
3837
4139
4053
4006
3844
93
1829
1248
5761
1759
2125
9625
7611
4297
2507
286
464
8854
4556
9957
3010
1918
3200
1472
9720
2079
6202
112
2341
7930
8612
9323
2474
387
1499
8306
1156
2082
3205
4703
6442
7769
7736
6134
7581
7762
3194
8584
1165
3325
4217
135
6583
2529
3965
4357
6506
7105
6979
1583
6379
8048
3837
2278
1701
9296
4063
4236
2153
5324
7229
7877
2205
9132
740
1553
9646
936
8326
9465
4963
2773
3414
9252
5244
6427
384
1110
8198
3569
2437
6489
3871
8782
1364
1239
2607
8827
1721
1971
1791
9636
2848
7382
4395
3692
6655
977
7290
4772
8142
9577
4717
2026
1232
923
2427
936
3400
3497
4579
7719
3256
7891
2726
8733
9547
1756
7925
2086
4870
7673
6041
8446
1062
5556
4867
7415
2530
8273
8444
4151
1902
5886
6712
3860
230
951
477
3470
697
4657
6234
9630
8537
3853
3471
3767
5373
2480
6984
8799
9856
1905
168
7150
2911
6984
8027
220
7940
8327
2247
9700
5030
950
9637
9794
2218
104
9221
5336
3046
2822
7339
2912
986
3600
244
2297
8622
490
3758
3541
7312
6455
1739
6839
6253
1976
1736
4485
3232
6202
2106
4261
7709
3478
4069
8351
820
3754
4702
6667
6561
8380
1413
3104
7773
5412
5927
6762
307
4158
4880
6088
5624
3919
8297
728
1017
8561
8141
9244
7813
5136
7663
6609
6969
8044
6181
6277
5551
8175
6791
7594
6728
1902
2894
1766
2625
7946
4625
8786
5930
2152
9329
2240
8346
9575
9664
3857
7161
8259
2969
2627
1012
846
1394
470
4514
675
2299
768
993
5476
4058
5241
2923
7877
3622
2625
1077
5640
3973
2511
1833
7192
5233
6748
1544
8888
6984
5976
5826
3279
4663
7150
6857
383
4314
3502
5219
4381
7391
6774
85
3888
2068
7801
1315
2648
4429
6851
9969
6363
479
4575
8119
2980
2487
8270
5805
4292
8536
115
5768
8019
8842
7560
8459
9711
5616
8432
1700
9507
2283
5462
8924
5581
4338
4934
1404
3995
4654
9956
9939
4469
3427
5671
3887
3125
6797
1230
3846
1923
4464
9524
6403
5404
1250
3970
2982
522
1542
8239
103
7552
7060
7892
2133
7463
1021
4100
6908
2505
187
5775
5520
1932
2397
5299
9124
2892
606
9548
3051
518
909
5530
1190
5043
7990
7180
7399
6402
1229
3930
3065
1487
1761
6236
2764
9708
2803
7671
5131
2999
2121
4769
786
7027
5220
3893
3563
7450
5238
6056
7745
7137
1978
3801
7978
2621
6450
6286
829
6024
7580
4479
9464
9636
8139
9805
7819
7967
7078
561
8827
7636
3694
6417
3556
2172
7674
7180
9731
6966
6219
9151
7913
8535
7962
5574
4669
5193
1400
398
100
2015
8065
9638
964
6143
5322
1196
5616
4429
6489
8405
2223
5365
3622
3785
6854
2202
836
6643
8893
3644
3927
7828
3390
886
8494
1663
4632
4115
6776
8544
8546
9504
8180
3308
9043
7216
3014
7190
2616
5143
7942
9440
6340
9879
3123
5244
6126
699
1911
860
2752
8539
4104
1087
4158
3684
3124
8450
3224
7945
1011
9083
3043
7249
5752
1090
1543
7312
7089
4529
8207
5035
3998
1852
3537
9842
4500
8290
8021
9685
2450
8374
6636
1167
4978
145
8310
172
6665
8145
4344
7654
3455
2279
1037
4085
1709
9738
9134
1588
311
7150
8054
5519
664
4082
1104
4492
1934
6951
4907
8474
4014
6829
7199
6850
5959
3370
8323
634
5850
9652
3093
2590
405
2126
6883
2719
7268
7972
7183
3250
7874
9541
7748
8810
972
8430
5887
928
991
6955
6244
9569
1713
6600
9743
6348
1764
1189
7405
8208
7520
3549
4718
8163
7750
4463
2388
5349
1299
2359
7271
240
3153
5519
4918
2063
9980
5430
2778
9187
8524
4604
5603
297
9778
3492
8799
8875
3003
6320
7631
6929
4504
8037
7009
1944
6781
4202
717
8394
8901
639
5302
4269
2694
2557
3070
1710
8898
7082
9379
2992
8976
5545
5207
7557
6843
8943
5085
2088
3740
7007
2160
8867
9913
8404
6988
8330
9824
1203
6919
1893
3710
3909
7762
1753
9404
6263
9692
7863
8957
2471
3190
1266
4574
3598
1502
3040
2730
7326
8468
5247
1100
3464
8769
8012
5265
131
2883
3322
8645
3872
8185
6841
1999
6734
489
5876
8801
8396
990
5901
149
8495
6390
1972
1100
8408
1380
1440
6428
9021
8248
5222
6217
8803
2693
210
7816
1043
5737
5817
972
7387
7677
9499
9880
2872
9074
5049
7376
9369
2250
3306
7928
8942
9139
1455
4780
5885
2481
4829
7163
3145
9296
526
7103
1245
6235
3268
6146
3673
5143
8116
3143
7872
8752
4731
2827
1732
7798
5513
2217
1431
4896
7700
2919
236
8478
7444
5128
462
4100
4362
747
160
985
582
5697
3032
3104
1607
5444
2119
4840
2866
1818
6256
2112
4527
9519
653
7375
3748
5798
9598
9485
8502
9731
4666
7300
3239
4755
5219
9975
1042
5773
9685
7451
3607
791
7992
535
709
1979
2752
4407
5468
881
721
9390
7436
6920
7607
8613
9776
9251
8800
7647
2923
242
2069
4468
7972
6380
8171
6847
2268
1912
6956
1435
806
7902
1561
5173
44
3749
6960
4032
9695
1475
5608
8533
5202
2576
9878
166
7651
3081
9381
8066
9612
734
5675
8750
1166
1117
1839
9067
4817
9700
2529
2569
2417
2936
2260
4349
7112
4296
249
4573
7649
8597
1324
1777
2254
6042
9590
6033
9570
8216
5811
4098
5141
4449
9047
5399
3078
4821
5634
5196
5782
3054
9118
5421
9361
4422
964
5849
1232
1213
6302
4948
1205
2050
4089
3077
966
9268
7779
7430
3223
916
9875
6083
8889
8808
8093
1613
9391
3089
4869
901
2255
1785
3134
9703
8589
8894
5753
28
5362
5132
69
9239
463
8525
8269
2233
7634
3547
1615
1703
990
993
9449
7392
9749
511
8968
1014
2854
8548
680
9124
6860
6059
9031
3095
5066
4161
8986
5475
6388
5024
3873
1548
6723
8580
6700
4731
3762
194
3635
635
155
5958
6587
9789
2629
1109
1536
9570
2959
9709
9200
3054
3017
2508
945
4694
7093
1701
7710
3815
8218
9149
2241
4090
4379
7578
6536
5881
1065
9623
566
1556
1765
5885
6152
3302
8540
2857
8858
5780
751
79
5152
7917
3184
1826
4343
66
404
8793
7450
1453
3350
4187
577
4114
541
4869
4040
5746
5560
6697
8960
8956
90
4619
6829
6231
5815
4249
9233
851
1025
5609
6829
1633
9467
1285
2176
5322
1253
561
2316
5405
6
7398
8363
9747
5178
448
2143
8518
4872
8560
7791
9813
4681
5613
5169
6918
392
9232
5578
2675
1372
5148
3156
9234
5526
6391
5234
1483
1874
1389
7107
3252
8003
2060
3900
3206
1423
8273
1893
4065
3045
2098
4330
9018
7848
4743
2739
7416
3675
8786
1120
1742
9558
1534
3875
9376
9837
261
8388
7502
2604
593
1660
1911
1833
735
6100
8197
1411
6139
5893
2499
1186
3173
9739
3284
1963
5473
4129
9293
3385
4934
2381
2282
5108
7266
6172
9044
7712
1274
8821
5681
8724
7044
7329
1491
6018
5449
1111
4288
5385
4738
1018
2272
6692
3387
4778
131
7005
444
3232
5807
9397
9174
7298
1540
7636
9338
1908
6348
1808
2758
5406
7622
5674
4448
1693
8377
3033
2274
426
3610
9661
5868
7911
9324
1507
980
4573
4457
9932
7157
5627
2435
3457
7375
526
4012
6456
4283
5793
4863
2450
7413
8706
3551
9721
2753
3542
8028
1583
4089
8553
9492
2178
2679
3022
8890
73
402
5549
4821
9867
9284
1680
2101
9519
40
1300
7929
8406
2962
3955
198
6432
9014
7052
2017
3442
3774
1612
4240
5973
6346
8632
1580
3301
7374
8485
3191
6941
3866
3105
4920
9657
2722
7263
8057
5787
6584
5755
4760
2658
5247
277
4193
935
8615
3269
6492
5493
3284
2436
4714
3857
4858
9835
6290
8072
3479
8205
555
7470
9661
6950
8584
6171
3287
5502
6987
6247
8448
1618
5596
4596
7066
3742
5828
87
2236
7473
2525
661
7926
9880
4149
9780
3071
6689
5978
4488
8908
737
5867
248
9959
1490
6606
7795
9239
7059
6217
5894
5807
1347
4583
5772
9462
5375
5192
7798
8548
3260
7751
8681
7895
9038
5445
3777
1353
256
7321
9983
1746
9094
4674
8002
951
1122
8057
6169
5621
5619
4647
8517
1879
1804
9587
3381
930
2008
2449
4606
225
4009
3799
9704
2767
5537
5240
5413
810
1509
5687
526
1840
2837
5722
474
6326
6586
8361
6821
7217
9438
3517
1403
5656
3006
2344
2244
1061
4888
2289
249
9790
4191
6533
9281
8492
3432
6280
1243
1673
5745
8912
4131
2088
518
3150
9789
4247
8422
4752
696
3883
141
9562
5136
5944
1259
8257
381
9151
4057
697
9358
4320
1198
8907
9027
6371
112
780
6387
4359
7614
8208
8161
8712
1661
1123
3697
446
3692
5090
577
6246
5296
2875
598
8313
72
1351
7964
5850
7857
4277
8868
7429
2905
7158
4774
7591
389
1098
5097
1615
8411
5601
6737
6444
729
95
9580
9488
5049
3963
8347
3512
6640
411
5738
4980
8095
4268
7384
5343
1150
5148
6232
5013
2740
7550
8152
7556
9142
9272
956
8960
848
3506
1519
4634
6866
8807
8264
55
2064
8890
9118
454
2905
3928
2122
2972
8489
7598
1585
3023
9732
731
4553
9527
472
6014
1834
9565
6803
4005
3676
7171
4141
9245
5591
6677
5782
2215
7584
2301
9311
4874
5427
3028
5041
3487
8565
7451
6578
8379
5728
2082
4122
3283
1131
3541
5719
7020
7087
4170
9248
752
7384
1133
2648
221
9911
9888
3408
7683
8864
116
7180
6036
7583
3153
5664
5106
8815
491
9688
4826
8820
5869
5005
5
7727
6472
7840
434
2444
9149
4148
7301
2052
1482
2911
4852
86
1626
6869
5757
9953
3648
1620
1064
8936
7578
3870
717
6314
3063
4074
6341
604
6747
2366
7593
3877
1452
7928
5730
8954
7788
3157
8692
5467
8858
3010
6071
290
1713
3610
6854
2064
5329
4756
4197
7037
7936
5863
2873
33
7340
5259
5178
424
685
3561
3533
178
3902
3727
3465
2405
1954
4670
2023
4907
8749
9488
5007
8333
6998
6182
776
7080
2701
5630
8800
429
2270
9137
8928
2965
5927
3268
7991
6548
7732
1057
2630
4948
9582
685
1680
1914
7382
1926
6808
5374
5671
8901
3492
147
5646
1598
7915
9891
3961
7822
9279
5637
1206
4166
528
6363
3154
7355
3278
4080
2800
9264
3338
6281
289
8610
7702
2238
5066
4320
8170
4521
2119
3330
1254
6771
6772
4865
4607
3631
3635
9112
1171
4525
4204
1596
4700
9036
9603
3424
2833
8434
2227
6345
3505
5374
2820
5233
1055
1879
1357
3347
4986
8338
6263
6686
4069
1273
9125
9132
5181
5352
2976
9715
2939
3433
4897
5598
4699
7314
367
5969
9794
433
399
7146
6795
4438
7178
7706
5707
3224
2021
9783
7005
9025
9205
8127
7668
1305
2954
9830
4991
647
4730
3947
4865
260
3222
7276
4404
6227
2579
6997
8557
9409
9179
9091
1240
1675
9908
8220
6856
2430
7061
2037
9336
7796
6823
2444
7777
5919
3749
5471
7193
1990
5448
7628
9790
4392
9771
8905
7324
31
9423
3579
1985
2828
4742
783
541
9315
7129
6910
2928
9102
8134
8530
3043
5393
5658
3211
4377
7959
8206
3805
237
9847
8539
5002
7700
2379
9592
1700
6153
5244
1642
2047
9524
7160
1801
869
4935
5875
5575
8515
3393
9369
7015
7485
9047
1205
8667
3882
7090
7699
7109
8989
5274
5074
2236
4911
3213
5544
8850
1038
9512
8195
2231
3515
1831
5214
6404
1461
4836
6805
218
8136
8379
1530
4052
5033
1877
1412
2764
7068
8021
1756
3621
5999
3351
2423
2463
375
6205
5965
5504
2110
4575
3707
955
6385
2806
7253
1597
4218
6323
4676
5079
3431
2141
3215
6949
8143
14
6557
8427
7739
3008
3585
7624
3861
9822
108
3021
6429
3590
9604
6193
7727
7653
9452
4534
5484
6196
5881
1101
6114
8418
3666
9238
886
5463
8982
2998
5614
6371
7963
6096
4041
1113
1880
7079
2300
793
7760
7910
2681
4732
1434
5235
5272
7600
4476
4926
3933
8069
7339
4901
2738
6953
939
6621
8054
8948
1529
8730
1961
9633
7225
9597
4503
7227
2538
6399
5343
3762
6977
6726
4115
1844
966
5307
5465
8381
9055
368
4108
9333
2224
1806
9493
4653
1325
5526
5306
1212
167
9573
3912
9376
9531
7457
9170
4068
6465
1553
3471
5787
5003
7435
7543
7898
1175
3409
5823
6678
2571
620
3958
6964
1973
9348
8276
2004
2875
8027
8914
7895
3970
404
4519
1116
8842
2426
5966
9777
5343
7712
8772
392
9677
3774
1555
5466
2254
9923
9501
2822
492
4390
8022
4744
8415
2709
4543
9596
7153
5711
8268
2641
7415
807
2289
5162
8900
1470
6550
9710
8623
7066
3344
481
7514
4643
8888
8217
2642
5548
3060
5515
7574
347
4881
7949
8623
9102
6333
905
1148
5215
1892
3325
2778
8451
4281
6183
3819
5458
3107
5258
9134
9467
1347
9508
2003
1563
4976
3659
2009
4861
926
4301
731
3694
3469
5802
3485
2439
9047
8639
7974
512
4107
5386
2949
9951
5984
7475
2015
404
2116
5183
6039
292
567
5591
4891
7438
7812
5643
9411
4978
4627
6462
1556
6072
6768
1889
876
9981
2086
4105
1967
7246
5986
1296
217
1940
97
1793
4231
7905
4969
2214
5140
4023
6237
1113
3966
8923
9290
2836
1033
6260
252
4517
388
4152
9713
2638
8024
8136
7951
5002
7645
3043
6680
6850
9349
5821
8863
2947
1977
8934
6389
5702
271
6910
6618
6923
9835
7477
4446
8329
4100
9679
880
8760
7306
5358
4370
5640
3015
3938
9139
6468
5742
5695
1799
4577
2848
6210
7484
4872
2857
259
6663
9542
1541
7973
24
1604
1260
9515
8339
9899
8043
3670
5885
1150
1702
5588
1289
8984
5399
5857
8676
7551
4362
1316
2195
2151
4795
6576
6748
2002
242
7806
6379
1441
9421
2409
32
3281
2435
7396
7851
1257
2274
4832
9079
2651
1055
1877
7872
8764
2713
3543
7503
8301
295
1853
4811
5720
1421
7560
9799
454
7599
1181
9480
3119
9901
882
9222
3626
2792
5579
9690
379
9135
3599
7550
8278
6638
8967
9753
978
2174
9952
4565
414
8468
9934
7353
8650
6450
2987
2430
2356
184
6479
7700
3111
9207
2938
8377
5433
7274
4830
4276
2294
1476
40
9740
7697
141
1304
9110
4017
5650
7897
4731
9920
8166
6737
6441
4376
3576
2053
4060
1886
6798
5123
1161
2343
8211
2996
5042
3484
274
1601
6379
3625
163
1564
4566
9697
3759
6545
3925
3622
2051
1675
6377
78
6306
4403
5175
7697
6975
6850
9611
4071
6500
1693
1142
2087
5165
2877
3880
6539
9221
8745
6584
5466
4303
3269
9891
982
4477
4038
4459
2177
9845
45
6776
1283
9856
4526
1589
5305
7835
7242
3275
1673
4971
4181
8472
4043
2035
4613
7623
783
277
5274
8685
2944
5083
2967
9328
1118
9224
1896
3588
9046
3730
3611
4802
740
9009
5020
9139
9456
5675
3841
1793
4993
8449
2110
4999
9436
2364
6322
4530
4359
2078
3764
277
6357
4020
6795
5892
4278
2262
7097
9308
1572
8696
5423
5536
4381
4792
5979
1141
9302
1471
9474
6158
721
9440
2557
3277
292
8880
623
8053
3526
1130
2547
7702
3424
3992
5354
4870
9321
2064
5197
9173
1842
991
7095
5384
5531
2840
4318
5433
606
6682
4534
271
1481
446
4568
5306
9195
23
4209
3018
4488
7302
9464
2454
4254
713
8784
210
6348
1780
9475
1014
843
3932
925
2783
7771
7125
791
3515
4806
231
9652
4351
7995
8232
6551
4119
6700
78
331
6673
2300
8261
621
4724
746
3881
232
3033
4758
968
4189
1922
1447
5044
7098
9710
7904
975
7837
1917
735
7873
9683
3
3043
5407
9249
6196
7861
3259
2387
7307
642
4517
7628
525
6131
7920
6802
2943
5818
1205
7512
3896
7854
3583
7085
4427
6017
9841
3717
7583
176
2766
3352
9555
6217
3637
8885
9228
9851
2637
1917
8752
4469
5091
1023
3267
7565
9490
2662
2006
375
3679
6260
375
9681
4587
1538
1796
5933
2720
6955
7785
8329
5615
877
9098
7855
2271
8715
1361
3099
3264
8431
2830
306
9709
1787
3176
9115
9293
8600
1672
2074
7668
1889
2328
281
3155
9930
6943
4880
4004
9719
7228
8338
6098
6588
1281
5573
6278
6515
3619
4680
2848
5085
714
2940
9576
1868
3468
6436
6271
4931
2568
7515
7083
3600
4304
9563
6007
9622
8085
8114
2171
5971
1722
2863
608
1240
9866
6987
8232
8887
3045
2729
583
8616
5612
7613
7435
9368
6615
6944
1222
364
4613
510
392
7879
4810
5469
4452
7642
6096
4130
6588
7486
257
4212
6031
1458
8278
5335
7365
9614
5106
1209
7196
2847
2505
8125
5389
3487
4875
7506
4485
7639
4323
4860
3846
7211
202
1686
9149
359
828
852
5196
6509
4902
8483
7263
1756
562
8626
869
6098
2714
8852
1978
6601
6735
6549
4205
4691
2875
5247
5688
8778
6702
8080
7715
4330
3098
1430
9327
5788
1552
672
626
2654
4375
2780
1869
613
9301
405
9573
5519
5459
3087
6638
5168
1880
958
1548
5570
5908
7879
395
6063
7975
8927
9682
3773
1444
5547
4246
8903
8460
5859
1477
360
7679
141
6275
9699
9589
5216
566
3651
5422
2323
9930
5374
4413
6481
9245
7349
877
6252
7543
9914
8762
7338
4102
1126
9355
7109
3545
6358
4125
9314
2183
9141
3654
7671
7536
5419
2138
3845
3612
8204
1873
1901
87
1309
2183
742
7890
1958
5513
6832
9299
7194
6350
394
1274
117
4673
6874
6519
9425
4268
497
7443
3409
9669
7216
3647
609
3137
2176
6821
1893
5286
6472
3993
762
6935
9630
6770
8538
2085
8057
9185
4826
140
3700
1968
190
639
3990
2066
2214
518
5817
8187
8370
7587
3131
9801
9923
8740
5844
3819
4565
2947
783
699
6179
7507
8598
9385
5150
487
3293
2326
8455
9525
1584
4579
2199
6218
2899
4146
5033
9035
5910
9775
4182
6178
7381
6745
8695
4621
6143
8985
7011
2573
9652
1651
7572
5151
6876
8637
1936
1398
5162
7276
2858
980
8591
1898
2700
7748
5306
6960
9369
7024
1638
1059
5589
9859
1918
3397
4643
2865
3560
1836
8420
7588
4798
562
7654
6763
5859
573
7942
9688
7684
9274
2387
9149
5588
7110
6107
3366
2475
8367
4092
4595
5787
4874
9910
3500
5093
3290
9037
6329
6317
191
8890
9995
7037
320
2448
5352
6579
7251
5410
836
6711
1353
8511
8090
1927
5897
8888
6948
4594
1946
4589
9659
7776
5465
3042
4926
365
6739
4816
9297
1569
9626
4323
7333
8030
2982
1719
3511
8824
5196
3440
8600
3833
6716
5277
2188
5898
5892
6578
7500
3022
5470
3674
4039
7699
906
244
7639
7642
6687
8881
4664
481
5938
6491
4450
4922
2639
1478
312
2095
5443
8560
3648
5462
7617
4426
1001
5926
691
6830
3148
9241
747
6461
2178
2634
7853
4081
4350
9107
1273
3221
2887
999
610
8582
615
3338
8689
4266
7447
9508
8057
7764
4913
9677
2262
6676
3780
3690
9172
6663
740
25
6847
6724
8125
3556
4236
8725
644
5546
4256
7498
3722
6802
3921
1682
3791
9149
4410
3975
8918
3293
858
436
9291
9714
1981
9470
5194
4197
3320
9666
1719
1758
3601
2640
1725
4028
7652
7282
7563
8395
670
8990
1561
8085
6782
5992
7209
8415
4547
5174
7632
1048
1230
1205
2331
8406
8474
6298
1528
4454
7099
1690
5323
5941
2271
4471
7234
8759
6477
9415
4462
3174
7085
1877
843
8091
8582
4153
9658
5193
1613
4474
2998
6760
1324
7176
615
402
7726
5077
7425
5567
2876
7732
3263
3450
46
5949
4331
502
7802
8043
9227
7025
2466
68
4962
4639
1094
6066
3008
3090
1654
3434
1771
308
3615
8765
259
1296
4383
2207
7103
3724
1168
8706
3167
2674
9714
8506
1097
8599
1842
1382
9555
1807
4731
9930
2333
1193
5568
6238
5076
3232
9827
1148
3954
663
7424
305
4565
8290
5675
3588
9915
1736
4016
2882
3252
1304
26
9397
7307
8060
8394
9560
1402
9916
9644
1025
8259
3341
1692
9688
6464
528
2319
7125
4466
1412
1065
7947
2652
2286
3966
5351
8170
4348
3721
399
757
9479
9157
8214
5176
1322
2983
676
177
7476
6900
28
3952
4562
1641
172
5039
8208
6695
5388
9345
8404
2211
912
878
5591
809
8118
3584
9749
4168
6854
7809
6088
1636
9599
4504
2836
7875
2672
2230
7622
5676
3886
2500
9950
5360
5256
6809
3847
6224
6089
1025
1667
1758
7339
8120
6229
9016
681
7783
2703
8329
5447
2850
2667
4046
6425
9013
3063
116
2288
9941
1043
2151
9401
7706
877
5341
6526
4304
7628
6528
3977
5775
7530
7395
9249
378
2714
2711
931
9436
6964
3022
9005
5198
9972
9075
3717
2576
5952
8253
1818
1923
1909
150
5968
6074
8844
5603
7245
1829
6058
4358
7992
3677
7934
6129
9566
1526
3497
2903
1381
4757
7027
3410
8320
164
2377
317
3548
5931
7352
2872
4210
1541
2468
3424
5335
1773
9082
3254
178
7174
6934
1801
1564
63
8530
1636
4476
1136
3346
3133
6882
494
1691
718
1878
2222
2858
7160
4388
2235
7061
9240
761
6219
455
644
2477
6378
2077
6240
2752
4331
5736
9727
1132
5986
4430
4784
5317
2422
8159
2526
9207
4659
32
1880
4372
5404
9904
7185
4815
1711
6746
7259
9078
7064
924
342
1617
962
2703
7484
4503
7126
1829
3596
2155
5223
7833
843
7259
5592
4423
3573
5687
4713
1388
3079
944
2790
5359
466
8518
8550
2594
2044
4200
4365
6837
6238
6876
2000
7803
1086
2147
3312
8924
4081
993
9282
4122
8651
3867
8654
916
7601
9069
1421
2554
7914
9432
1840
5404
2069
2592
1082
4361
2575
7682
9532
6456
2562
605
1568
8867
5588
7726
312
7130
7215
2832
3148
4948
9774
3722
4739
8926
161
6433
8689
7637
3353
3825
5255
6987
5212
4453
6910
4177
2478
4341
364
9089
5624
7642
1877
8890
9845
9501
3941
3987
5774
3675
3648
4329
6302
4096
3657
8077
4882
8863
2794
4936
8141
2884
1907
9066
7000
7786
3044
7444
151
5077
1438
4945
4787
6919
5222
252
3021
5553
2678
8226
7047
67
3501
9391
8048
738
9851
9673
2691
5868
9380
6896
4773
4812
1491
8432
7226
9088
2951
6968
5956
753
7499
7838
8218
9590
6818
4820
5611
6109
1199
5209
3206
2387
2651
710
4985
8255
9113
6142
5613
757
5259
1726
7472
8280
9467
3153
5014
5276
9285
5285
1332
6734
7555
4899
3687
1158
8160
6772
2410
7599
2655
5115
7242
8784
5520
920
7504
4768
5668
3546
9119
9712
2423
7544
298
374
9957
2961
4888
9550
7329
1304
3204
5751
276
6639
4205
7302
1870
6498
6532
4816
4712
5064
9700
3930
4000
4476
9256
218
3173
7795
7894
1350
4337
899
5329
4621
4347
8909
5398
5937
8742
5415
8903
1403
9432
6302
6779
489
8948
3546
7264
3861
6596
3328
1613
4316
8624
4210
5133
5622
8340
3276
6225
3432
2055
4340
912
2753
5382
9159
4269
2277
6400
2554
7815
8709
3112
8647
4641
9500
7492
8259
2462
2851
4667
2856
9869
7435
6681
9316
5818
860
2177
6580
3406
4577
1160
809
9603
138
3031
6004
8931
6816
4912
672
5299
4254
27
4257
7896
6454
2107
2499
5847
9958
440
4477
7484
8750
9548
7248
2196
2718
163
7800
9436
1229
8423
2885
5953
1865
5912
9835
2746
2577
1366
2658
4082
685
1205
6254
6767
9764
8065
2315
8291
6081
1415
6305
5219
2617
701
5438
559
9446
9155
7511
2377
962
5463
4096
1665
9824
1871
3777
6726
1402
2257
8556
7648
2722
8165
9846
4459
3263
4118
219
6039
8021
5163
8106
95
1472
5360
7084
3916
2671
3986
3626
1910
4944
3082
5469
6892
3082
1826
492
6409
5662
2708
2949
7452
2698
8302
1361
4026
1687
3286
7739
5057
7297
5450
9372
8708
9243
5557
4814
1879
3578
9949
7068
3453
748
5647
5217
9457
8304
9047
1782
3527
136
1682
9300
7062
8958
3377
7688
6260
3520
7291
7515
4962
9250
8529
4449
3309
8346
8370
1885
4604
62
9182
204
6824
932
8489
1897
8748
7791
97
7771
552
4490
887
2747
9363
833
6356
3938
7920
9659
7855
7321
7460
3835
5552
3547
9598
4415
4537
6594
718
8423
9435
4362
3651
5945
4248
2056
6855
1094
3119
3563
5054
9095
2090
4846
5505
3123
8936
2871
6279
8216
3373
8244
9710
6524
7869
1144
918
3301
3848
1575
8682
9083
8597
1027
1516
1584
6708
2211
1169
5861
70
242
8351
7009
8813
1023
2479
1714
1145
1251
9473
2219
442
488
1920
9291
3636
8665
7336
3206
662
1625
6897
8611
5463
6306
3980
6327
9307
9643
7013
6395
8469
6415
3882
2435
3457
8437
722
3085
6457
1426
5357
9665
1016
2940
7441
4752
5784
4692
9683
2505
3928
6546
9994
1727
853
1820
5512
1248
9168
2178
7622
1667
4427
7576
1250
4403
5997
3368
8001
9938
4819
686
2912
4965
4349
7986
4012
4217
7704
7881
8615
9267
2080
2870
1397
384
7352
4183
5851
9956
8553
3929
8677
1519
9237
67
5646
3494
3340
1477
3403
1894
7809
2411
5511
2221
4799
7473
1393
3790
6656
4725
8151
5943
3455
1225
9454
7781
1481
721
5847
6569
9118
7740
1362
4514
9081
9793
7753
4200
4108
6963
5731
4510
589
5
6294
3631
51
8286
1704
6702
6659
5164
6547
2005
4919
8205
3351
2845
4559
7709
6064
6578
6558
3945
9720
5169
924
2104
2698
7323
4516
7129
8017
7197
3742
7789
9400
3449
3622
170
5165
1200
1522
1856
5586
6360
6630
4514
4594
3030
5891
2178
8981
8625
7309
7422
2088
6123
8416
707
8522
1818
3962
8450
5117
8993
6978
2280
5373
2316
6934
1148
8601
4589
3659
9069
7294
6360
3437
2101
4127
60
2968
7983
8233
9372
5677
5005
1622
1110
3909
4639
724
1330
1167
5625
8731
5293
1271
8415
2348
2716
3739
7492
6449
1084
6367
805
4013
431
7884
7413
2492
4071
8178
5859
6984
593
4376
6059
1466
4483
1603
486
9794
3094
1877
3787
4316
3171
1323
8004
2176
9244
1104
4192
5815
1867
529
6878
4496
6813
1302
1936
436
5608
7399
2574
6839
6499
3055
3476
5691
9912
977
3786
5321
7079
2923
9112
8298
5522
2360
3917
749
6721
8108
1965
8410
3487
4278
9846
3297
4367
409
8434
8366
1688
3719
9296
2807
1950
1473
9468
3534
9522
8034
536
7458
3826
4795
9609
9692
1872
7170
1948
9326
4851
4433
1187
2100
2971
3041
5992
9137
3213
5327
8022
6918
3414
284
3015
9285
9408
463
3135
894
4120
8395
2051
9578
2057
1628
6107
2479
1158
8405
9855
7066
4752
9874
7002
9427
3243
9964
1247
5022
6850
1889
327
6665
2091
7229
3366
5228
8341
6665
5575
4498
8509
8036
9039
4599
3614
3150
9794
9543
3643
1369
7240
1519
2831
7550
1044
9588
7650
9535
4315
7954
9393
2478
9526
6835
5652
8822
7849
9242
3259
2909
2169
7564
9533
1245
9690
5759
5658
6160
7307
578
6685
9944
5922
3035
6452
7898
9402
7161
9519
8326
1836
4872
1626
8783
6964
1395
3012
5606
9249
8135
5336
6154
2630
2780
7822
7899
5150
657
7443
4307
7839
1385
1111
6750
2845
971
793
1795
5775
5541
7200
8197
1239
9602
1637
2895
5587
6994
4774
7132
4720
9532
1284
459
2025
616
7133
2033
661
8263
1129
9413
9668
6422
3544
9566
1472
5637
54
1047
1092
3989
9775
6382
1193
6356
2916
269
7481
3611
7362
5539
5687
2452
4399
834
5214
2337
2979
401
4351
710
7570
9688
8327
5451
908
617
5080
3644
3365
6078
6813
2038
8946
4493
8532
9767
5685
1673
8221
2967
8105
6000
7814
6966
7032
4621
8727
9803
9350
7200
626
3122
5206
9038
4058
1742
5364
6209
2232
8623
8655
5384
2314
5836
9469
8986
6871
2671
1354
4087
2925
8850
481
5643
2996
7280
510
8801
5887
5242
4065
6082
4136
7405
9579
7935
2202
4753
6874
9366
536
8751
8623
3158
6699
3929
8416
8574
201
3344
4444
309
9872
8323
7440
9323
5449
5952
1662
2407
3099
226
5448
1203
7045
7808
7770
5256
1434
6396
9906
8081
1579
8278
8230
7326
1765
3478
1214
569
4481
141
6980
7803
1835
2552
2078
4023
6255
7591
6582
567
4304
147
9629
4504
9835
7401
9309
7866
69
1174
3075
7242
2717
1600
8337
6615
2321
1921
4851
2675
9807
8429
4805
3107
7826
6409
1086
9408
1638
5885
9305
3936
3324
1768
8319
7597
2946
1061
3768
3800
7118
4753
1164
9609
7656
9945
589
1034
5108
8990
8889
5853
1410
3630
4755
7301
6442
6926
4159
1988
8898
857
9475
4395
1612
9112
8972
2615
3579
9251
8703
1985
9549
9987
654
4058
2338
6786
5975
5893
4530
6992
7104
7182
5901
804
3750
5810
2574
2310
9511
6447
8566
3448
9395
5253
