1 4378 4091 609
2 7090 8499 826
3 5825 2066 6116
4 3263 7896 3019
5 4888 7662 913
6 5065 7729 9187
7 7864 5996 8625
8 6641 1447 494
9 8905 5684 4479
10 8344 2855 5676
11 2096 9112 4993
12 5747 5681 4748
13 9315 2762 4681
14 9593 1393 6451
15 7987 2257 269
16 8421 9024 1572
17 5878 3269 4004
18 4022 9534 6673
19 3162 6446 1077
20 1834 5069 2854
21 7006 8304 8819
22 2509 6702 5942
23 7484 8374 8045
24 1741 2281 825
25 6880 1495 4202
26 1403 6753 2275
27 3301 5650 9481
28 9989 3066 9752
29 2490 3223 5805
30 5622 9987 7722
31 5852 4607 7122
32 2895 1020 166
33 4143 344 720
34 4535 2423 6783
35 1415 1636 3934
36 2883 7552 9795
37 8455 6169 4877
38 4575 6197 738
39 6180 3090 7814
40 3697 1668 9175
41 3936 2857 4055
42 9208 3976 1710
43 6977 6602 4903
44 3869 2879 755
45 39 1682 6698
46 7677 6687 1064
47 2973 8199 1669
48 6017 8509 6212
49 6908 9601 2492
50 1572 6234 6271
51 6307 3634 2057
52 1063 9528 4800
53 8620 378 1215
54 513 401 1054
55 4621 5520 732
56 80 2078 5509
57 7785 4533 7531
58 3175 3826 8164
59 5782 4601 5230
60 1495 2456 213
61 2237 5414 5706
62 8719 3338 6589
63 5917 6374 3791
64 5700 6570 936
65 1032 7602 9137
66 2858 2824 6722
67 1598 3218 9666
68 8948 9616 4288
69 7666 8837 6779
70 7038 7589 9584
71 6462 2161 7118
72 5109 7846 8612
73 2825 5771 2082
74 4490 7122 3421
75 7627 638 3911
76 2896 252 9355
77 86 2198 6203
78 1413 376 7962
79 3731 6803 2604
80 4569 2655 9830
81 6282 9106 4827
82 3883 8589 9437
83 4526 3953 4978
84 6655 1321 1380
85 6060 6009 1051
86 9916 9915 5984
87 9343 2732 5194
88 9969 6697 5422
89 2104 8571 2786
90 2287 1820 8266
91 8174 9948 847
92 550 9164 6966
93 2856 3801 381
94 1026 6288 4587
95 7539 3488 4420
96 9785 4618 9753
97 7337 6040 390
98 2089 3159 2027
99 8648 3304 9834
100 4125 2482 1379
101 1695 7195 3463
102 3043 4345 7875
103 1055 4750 4121
104 7416 6700 4281
105 489 8067 8519
106 1984 3016 5502
107 8563 6107 3554
108 2241 6272 2616
109 6461 7182 3076
110 8799 8672 907
111 2777 4911 4756
112 4124 2895 964
113 3717 7967 5931
114 6585 8116 2095
115 5499 4780 1160
116 884 6747 8745
117 4623 4546 8501
118 4803 2959 7271
119 8987 3489 2730
120 2479 4507 1295
121 7080 5248 9808
122 148 2434 5807
123 1021 3342 4191
124 5579 6217 448
125 3111 7214 3474
126 9325 7115 1241
127 3214 4919 6183
128 9226 770 8712
129 2491 3250 216
130 148 2761 3384
131 7581 6586 3244
132 2149 9484 7138
133 7231 3896 5684
134 7713 5791 1692
135 9901 3458 3782
136 3976 1021 7683
137 1182 773 4400
138 2736 1490 3317
139 6583 330 6168
140 7468 1978 9112
141 7378 6160 345
142 5155 6755 6496
143 6504 9091 1131
144 6255 4775 7481
145 2598 9238 864
146 8534 4364 28
147 2083 7890 7340
148 8873 5375 9062
149 1718 8348 5897
150 7839 1637 9307
151 7314 281 2631
152 9896 1317 8233
153 9174 614 5720
154 1160 3008 6174
155 1414 757 5142
156 149 1058 3563
157 4419 4813 8358
158 7783 9836 2064
159 3908 6699 3894
160 3438 3280 4342
161 126 5862 3773
162 1755 6051 2113
163 8004 563 7788
164 2468 5636 4535
165 2899 3638 5770
166 9618 5781 9466
167 7926 1998 6659
168 6548 5528 784
169 7319 7318 147
170 8096 8866 4993
171 8361 7496 5670
172 4848 2977 4149
173 9041 7350 8182
174 3129 8538 8889
175 4234 2239 4261
176 7997 1476 9227
177 842 5210 4468
178 4915 8395 7855
179 1334 6771 6169
180 24 3676 9797
181 8718 3561 4699
182 9726 3500 9456
183 2003 324 6381
184 5136 3983 8644
185 4231 9329 5862
186 3507 9784 3964
187 3686 3512 7343
188 2247 2744 4616
189 7179 1266 1811
190 6490 8565 7662
191 3506 1673 7560
192 442 2020 3128
193 6973 7212 9894
194 6062 3493 5616
195 1677 1624 187
196 3419 9183 7977
197 3889 235 6659
198 971 7558 5341
199 7174 6918 3947
200 5351 1896 8908
201 9066 2433 2699
202 9965 9350 1087
203 7989 9287 1990
204 3538 6125 6266
205 289 8641 7074
206 1432 4824 9533
207 2006 6800 5976
208 2229 4337 7649
209 5370 7795 894
210 4282 8644 6687
211 3523 8937 6674
212 4023 3319 6127
213 9262 3778 7109
214 4357 4461 3744
215 830 7380 8932
216 7615 6857 2469
217 5114 7968 898
218 5116 6715 5616
219 304 4608 4815
220 2927 4296 7428
221 6316 5390 1688
222 3706 1857 3197
223 4336 8697 4856
224 8677 4027 9909
225 4271 9641 6597
226 5695 1853 8107
227 9028 2270 3071
228 7365 1545 3522
229 139 2905 4354
230 622 1764 8706
231 9072 2947 3232
232 7325 1660 2982
233 4607 5079 2305
234 5375 158 1634
235 2898 7825 5767
236 5923 8817 8677
237 9938 9674 6278
238 9936 2489 8078
239 9572 310 3615
240 974 2292 7829
241 3122 4390 4529
242 2566 9600 4116
243 3732 8246 346
244 1143 4262 9186
245 1536 5812 2873
246 7770 4692 5751
247 4621 746 1704
248 4189 62 6042
249 9666 9745 1276
250 7437 6206 6279
251 6960 3343 7853
252 2393 2286 181
253 9530 2859 8359
254 4537 2035 2137
255 6772 8716 3587
256 5444 7121 4287
257 704 3280 2921
258 8089 5007 542
259 6461 9002 9683
260 3582 4381 5260
261 858 1558 946
262 8776 3678 4274
263 7499 7941 684
264 1868 8327 3887
265 2717 1244 3577
266 1379 4814 2267
267 3566 9697 2306
268 1322 9944 9850
269 5282 3003 2567
270 2941 3768 6363
271 9168 3633 1339
272 3878 227 3590
273 1841 8046 7550
274 6662 7101 5034
275 3171 9327 4988
276 4934 1535 8386
277 2144 8149 4468
278 2430 3739 9893
279 4902 9540 1586
280 7618 4422 7234
281 8668 9720 8352
282 5175 8351 5546
283 946 2194 7787
284 9434 6687 4428
285 6965 3287 4192
286 5118 2838 3567
287 432 4411 7268
288 7400 2460 2310
289 9365 7587 2602
290 8171 239 4204
291 2043 5286 5419
292 9178 4708 7258
293 1106 1441 703
294 3834 3903 9
295 1799 3833 6360
296 9589 6653 6064
297 9341 4531 2034
298 8948 3711 4295
299 3537 7275 9281
300 9975 5808 7447
301 3404 7000 2989
302 5497 1014 3487
303 6544 158 5091
304 7046 512 3403
305 9159 1278 6586
306 3787 7982 2638
307 6417 9437 773
308 6806 7226 736
309 1812 8190 3938
310 3251 35 5
311 3409 607 9573
312 5442 4235 9569
313 8768 8117 7931
314 9199 6049 5292
315 5697 1174 8876
316 8816 5080 1107
317 9296 4713 7631
318 5798 3489 1158
319 6702 5838 635
320 1768 6203 9565
321 7516 7651 711
322 2559 9476 5092
323 2301 4838 4387
324 2654 8589 1963
325 6503 2613 9711
326 6608 8715 9928
327 3096 9946 6154
328 4655 4271 4707
329 1987 1430 5291
330 5403 3399 3677
331 892 4886 2172
332 8368 6640 7930
333 5267 9755 8445
334 9153 9739 6974
335 2804 7477 454
336 4438 6316 2027
337 4398 1614 6415
338 9053 2646 5897
339 6761 6341 7213
340 9191 6729 7120
341 4780 3902 6323
342 7045 8138 156
343 4831 1744 3981
344 4745 2962 40
345 5742 1745 3055
346 4451 6030 2283
347 7202 7074 2316
348 5790 7984 2460
349 8318 7825 8836
350 5540 2371 5222
351 2730 4852 5163
352 7487 4795 7756
353 2654 6574 4242
354 5526 4919 9617
355 2349 9543 5831
356 4136 2981 8062
357 3953 208 2722
358 3500 5764 8143
359 1120 1953 3200
360 3389 1444 5843
361 2569 3888 5121
362 3912 6644 715
363 5846 8121 2593
364 9388 2525 2485
365 9414 160 8362
366 4996 2099 838
367 4220 3033 2852
368 8172 9472 2216
369 5565 384 8908
370 649 6857 643
371 1274 5783 8569
372 7436 6042 8533
373 9723 5758 1117
374 1420 7304 8201
375 3353 4335 206
376 3783 3972 5764
377 7701 9723 6560
378 1025 7390 2947
379 2825 5267 1993
380 4744 8036 7290
381 6476 8923 3515
382 4830 1326 6048
383 9953 1915 7287
384 2502 4442 7169
385 9781 1497 3615
386 4567 6757 6027
387 7467 1910 8571
388 3372 2937 1919
389 9486 9310 5562
390 1530 8984 3043
391 9806 6272 9353
392 6127 2718 2388
393 3296 804 5846
394 5025 2280 702
395 2112 2196 5902
396 4995 4582 9970
397 1606 1846 7121
398 5522 421 189
399 7801 3297 5738
400 2748 7207 6063
401 6573 9190 5847
402 3685 9842 7209
403 5338 3796 9911
404 4082 4452 8011
405 8312 7031 3173
406 4732 2987 486
407 1196 5915 2305
408 4529 7224 2566
409 9682 3019 8333
410 9335 2140 4544
411 2315 5981 4051
412 2511 6103 705
413 4526 2982 9234
414 8230 6937 8479
415 6145 2686 3849
416 245 615 5929
417 5450 8817 825
418 3127 781 5982
419 8878 1669 4705
420 5164 6004 5108
421 7922 9853 7495
422 8825 1167 3392
423 2553 931 9532
424 2264 4188 7169
425 8505 1901 4573
426 2419 5680 3393
427 1263 8958 9716
428 7830 7274 3090
429 1882 6739 6807
430 192 7128 5980
431 4756 6585 5365
432 3965 7161 4423
433 551 8190 7822
434 4609 9445 3904
435 6272 8175 5843
436 9212 7196 1042
437 1480 6407 7944
438 2498 6502 4763
439 3435 1410 6061
440 8766 8691 4776
441 6665 8769 8967
442 5927 6854 1854
443 7277 7083 7716
444 5421 4108 3615
445 4934 378 9990
446 5957 8184 4551
447 9385 8113 9346
448 2388 63 1748
449 6288 3939 6994
450 6398 5015 646
451 3916 8646 6857
452 7740 1240 8089
453 3510 6273 3055
454 7557 8558 7296
455 5681 9229 7814
456 263 8729 2006
457 3955 8583 6581
458 1297 4264 8405
459 9424 3621 6257
460 1734 7085 4074
461 3568 2576 4651
462 4036 7282 915
463 1952 6062 4686
464 6372 7540 2905
465 3275 814 7003
466 8571 8131 145
467 3489 4799 9187
468 5400 9464 9021
469 2644 851 1563
470 6467 6683 6709
471 6880 5753 8935
472 7854 9044 7771
473 3568 3846 128
474 3925 5922 1089
475 8710 1733 150
476 7820 3910 2981
477 8910 7448 8635
478 1893 5053 3379
479 5514 783 1874
480 4900 9814 4070
481 9309 7206 8061
482 532 1119 1379
483 6289 5600 6693
484 895 8911 9804
485 4495 1776 5995
486 4079 5694 7515
487 8467 7324 9619
488 4385 6335 6205
489 1509 3455 1313
490 4897 150 6939
491 2018 773 203
492 8786 9797 2733
493 3655 712 3540
494 9641 2641 1109
495 9462 5711 5560
496 8698 3222 4139
497 1046 2515 6935
498 2624 4087 2453
499 4471 4908 9323
500 8328 1791 6007
501 1267 1054 7655
502 8635 9928 3282
503 1056 412 3422
504 4393 6590 8739
505 3324 2774 8116
506 7209 9023 1398
507 6766 9905 5428
508 520 9792 3015
509 998 1156 5825
510 6766 1383 5543
511 2334 4077 8693
512 2796 2930 5734
513 1704 9822 2114
514 4022 6909 2329
515 9617 4029 7344
516 4844 2495 8165
517 1522 3897 7950
518 9401 7702 2067
519 3687 3203 8833
520 6983 38 3722
521 5431 6642 1329
522 7508 6013 9727
523 212 8329 7855
524 8089 5204 5141
525 7238 6907 219
526 4873 5291 588
527 1880 2054 5493
528 9456 1912 8330
529 9964 8736 4645
530 4350 5788 392
531 6157 7764 8727
532 5237 916 1980
533 5169 3483 4649
534 4315 7829 3463
535 2493 962 4273
536 708 612 6784
537 9847 8202 504
538 7139 6316 1817
539 7007 9978 9552
540 4909 1467 7254
541 9505 3502 6812
542 2330 8577 2971
543 4561 9432 5532
544 4805 6288 1261
545 5924 9035 3716
546 5580 1003 4242
547 5313 2400 9020
548 9160 3849 6651
549 7613 5350 4524
550 3767 9704 6592
551 9431 6896 2743
552 9639 2107 2027
553 40 6753 7696
554 8554 5365 8584
555 6260 6990 6091
556 3383 8801 7786
557 8667 1776 8717
558 3537 9345 8976
559 1184 8007 5564
560 8151 4439 75
561 2714 7648 9441
562 4887 9997 7367
563 7705 9360 2514
564 3524 8567 2767
565 4840 7969 1407
566 8806 172 7294
567 2359 8310 2278
568 3895 2962 1102
569 3300 3498 3401
570 375 7235 1597
571 5526 1891 9608
572 894 1573 9640
573 427 5440 5944
574 9592 5622 7830
575 1210 9037 8987
576 8839 6069 1333
577 3356 1961 4178
578 8618 496 4568
579 4487 3709 223
580 4122 3913 5625
581 183 2687 4788
582 631 6739 9888
583 4990 6716 160
584 2955 3814 5030
585 6607 142 1041
586 2355 7980 5358
587 1261 7987 1563
588 7100 2226 7622
589 9353 987 2027
590 2281 8888 3067
591 140 2125 7814
592 7263 7478 9998
593 7182 7857 8803
594 3037 8396 5528
595 8932 6196 5749
596 4785 1736 8647
597 4127 2338 5738
598 84 237 6091
599 1359 7494 2888
600 6826 2927 8703
601 3117 1280 6173
602 654 9518 5263
603 2191 9633 1822
604 3641 7052 613
605 7487 6987 7291
606 4638 5110 120
607 1683 2597 2689
608 8476 2931 7102
609 8685 2313 1534
610 4296 1042 1356
611 4559 9002 4756
612 733 4625 1248
613 5166 2660 9902
614 7974 6698 1946
615 3268 3469 1521
616 9137 5266 6039
617 2862 4759 2724
618 3646 2570 2912
619 1896 1879 4396
620 2586 2060 272
621 3634 6909 2937
622 4845 9713 4591
623 6123 8108 6407
624 8065 8488 1030
625 7461 4987 6894
626 1941 906 2747
627 3864 4105 7912
628 3 5337 4210
629 9898 263 8327
630 303 6348 6762
631 1513 4573 7949
632 173 3376 302
633 1275 1120 8432
634 5697 9322 1320
635 7715 2677 3969
636 3457 6215 8496
637 3750 59 3254
638 6696 590 3854
639 8760 3869 490
640 8566 1294 5157
641 3356 3264 9609
642 4589 228 3063
643 826 1591 7697
644 7182 6958 8076
645 1080 8317 2594
646 132 5897 7354
647 4463 7647 422
648 5213 6248 1696
649 1796 7463 2203
650 2429 5867 9705
651 6348 5932 2517
652 7479 385 9885
653 1009 5997 6648
654 6888 5122 1829
655 6778 5175 1367
656 7671 5823 4512
657 5524 3424 9288
658 4282 9699 774
659 99 3052 1264
660 900 4790 3052
661 6169 7100 9732
662 1619 6583 3568
663 9141 3399 1348
664 5219 2443 7411
665 6479 3481 4622
666 814 5131 1284
667 3723 783 8339
668 9642 25 3323
669 7711 375 2440
670 4998 3420 265
671 9084 8493 1397
672 3710 6298 3851
673 5165 8520 5818
674 7660 6992 2571
675 1188 2212 1299
676 8000 2860 3717
677 8659 7063 7365
678 1256 165 1930
679 4577 6517 6191
680 6025 1694 8099
681 5057 3604 3595
682 9820 8982 4260
683 4438 5723 7472
684 8079 3342 7153
685 4305 8098 4891
686 8978 3339 9629
687 6713 9397 929
688 4283 5152 6580
689 1232 3410 4645
690 5105 6942 2472
691 6760 761 7515
692 8090 6350 6965
693 5902 4549 943
694 6566 4459 1632
695 1905 7652 4534
696 1109 3647 5241
697 8130 7562 8075
698 8702 442 7436
699 4685 2289 7273
700 3992 6489 5473
701 1893 7242 2165
702 7056 7695 2357
703 2030 5457 1377
704 4808 438 8735
705 5117 4019 1164
706 3992 4470 6109
707 7313 1615 9888
708 393 1863 2082
709 5793 8724 7207
710 3499 1603 6667
711 967 4514 9698
712 8278 2417 9978
713 6710 2525 2753
714 1764 2127 5237
715 5058 1917 7351
716 71 7124 9432
717 305 8223 7204
718 5565 593 4108
719 8286 8456 2895
720 6495 2668 2354
721 6714 5834 4114
722 2528 4349 1373
723 1719 8198 3751
724 8469 7500 1617
725 1005 9228 1450
726 3772 6729 4516
727 3451 1096 6568
728 7478 7526 3278
729 8409 5983 8540
730 1582 6842 7745
731 4544 2781 8717
732 2374 896 8588
733 3790 6014 7985
734 437 2400 9936
735 7673 8578 8952
736 3706 917 4106
737 2661 6623 9205
738 9134 8112 1389
739 3640 840 8443
740 3836 8259 9912
741 4892 6488 6310
742 8965 3629 3669
743 3643 3142 5991
744 1742 1422 7504
745 382 8371 7915
746 5688 2544 1188
747 1470 7583 5890
748 8432 5585 6236
749 3901 1207 1639
750 4789 2192 6591
751 4793 2080 7771
752 6554 6283 5674
753 6632 130 764
754 3897 8109 9860
755 9660 2097 3785
756 1622 9847 2098
757 8203 6917 4336
758 5784 5185 347
759 4331 6308 2029
760 9432 4082 162
761 6129 6616 171
762 4355 5005 6459
763 6641 3409 936
764 3921 4377 7662
765 1663 1970 5987
766 1151 0 7180
767 9834 65 6525
768 4173 3336 5337
769 2603 7995 7531
770 9262 8771 8142
771 3308 6858 8544
772 6735 5720 4981
773 2603 2868 4278
774 5478 538 2564
775 6673 2 9707
776 2311 6443 4111
777 8544 8963 4665
778 8460 7953 1120
779 9362 4105 4605
780 2661 3576 6317
781 9926 4053 8300
782 159 7575 3026
783 388 7102 8346
784 2208 2351 4167
785 2119 911 4518
786 9934 530 4785
787 7828 4725 3302
788 1550 8460 6382
789 801 7661 7593
790 6719 5529 8513
791 3806 6334 6539
792 334 3948 9245
793 9746 6671 454
794 5801 4107 6247
795 6940 7139 8235
796 6662 7918 1267
797 3224 3315 6088
798 9051 752 4550
799 84 9530 4354
800 8685 3727 265
801 402 6154 2681
802 3973 4375 9413
803 7163 1806 7258
804 831 1224 9636
805 2984 6187 9999
806 9867 395 2435
807 6827 3642 7411
808 5507 9523 7522
809 9184 4184 9933
810 2361 302 3602
811 1984 732 7270
812 4460 9373 2925
813 8583 3953 8080
814 3973 5896 2092
815 7214 4754 5554
816 5352 9613 7047
817 6283 2056 3180
818 778 7867 1787
819 9481 3712 426
820 4745 9503 1529
821 9880 8960 8747
822 9285 3754 304
823 1403 9011 6626
824 8060 4198 3287
825 1788 478 453
826 916 8860 9864
827 6279 7851 5008
828 617 2677 4462
829 1618 7769 637
830 14 2260 5511
831 3921 3755 1976
832 9713 3377 1838
833 4578 8249 9594
834 7936 3860 7962
835 8385 3982 6072
836 6371 1780 7327
837 6049 2340 3162
838 6937 1956 6570
839 1004 6792 8929
840 8203 2599 5024
841 2363 7449 2723
842 1566 7695 5691
843 8611 6326 8207
844 3492 6683 4029
845 8161 3776 4577
846 3470 4613 2782
847 1138 107 9717
848 3220 6906 8787
849 9660 1340 5865
850 2395 675 9207
851 3789 1778 5139
852 944 6776 1039
853 8284 3009 1056
854 9794 46 414
855 2792 696 5142
856 2151 2983 1631
857 6149 5179 8530
858 3988 4458 5285
859 2887 8504 4290
860 83 5295 9817
861 6196 3485 8157
862 5180 1127 6353
863 1629 8643 3584
864 9138 3929 7883
865 3012 2447 970
866 4740 4746 1446
867 785 2445 9143
868 2653 6257 3189
869 1352 9553 4226
870 4670 1959 3589
871 3001 138 2543
872 4915 6873 8443
873 1403 5376 2302
874 2552 4316 9905
875 8701 2116 1017
876 8244 321 4803
877 3612 1015 1981
878 2384 7969 3943
879 9050 4580 4229
880 4215 1190 5412
881 5279 1941 4424
882 5062 8268 4802
883 9456 3591 4668
884 4982 7127 9389
885 4279 2336 2995
886 6116 599 3513
887 1947 4023 827
888 5037 2354 8703
889 273 7218 969
890 1777 1625 2792
891 4914 9154 4600
892 7235 6257 1928
893 3256 6724 3891
894 9567 1895 9427
895 8485 8311 7136
896 5046 549 9595
897 7559 4961 7060
898 934 7771 601
899 4174 3757 3270
900 267 6569 9359
901 5665 3239 3605
902 329 5688 9412
903 8465 2328 9528
904 1273 4725 778
905 7949 4058 4149
906 6821 6106 9511
907 8765 9589 1751
908 3446 6767 5651
909 2110 2656 90
910 1051 1036 6561
911 1399 1283 9439
912 693 8616 3419
913 6288 5611 5023
914 1374 2970 7745
915 646 322 1444
916 7782 342 4259
917 9245 8748 7992
918 3920 6805 2330
919 7342 781 977
920 4240 7455 5255
921 6175 5617 9206
922 5869 2687 4107
923 8362 8550 2609
924 8174 533 3840
925 2632 9016 3043
926 1304 2155 5098
927 3118 9421 3540
928 9788 8567 1152
929 2818 1076 8735
930 3309 5760 8180
931 8699 1874 5944
932 6401 2463 2919
933 9969 1070 5517
934 4539 6607 2122
935 3022 1671 976
936 1598 3963 4529
937 6180 9299 1774
938 668 8677 489
939 5629 112 7640
940 7738 4324 3516
941 8408 7671 4155
942 8531 6802 9363
943 9987 6740 9002
944 2316 4311 4584
945 9207 9769 6608
946 5519 7547 3354
947 9376 4155 9362
948 4902 6712 9491
949 8716 1529 3320
950 2570 2764 7360
951 620 9375 1006
952 1834 1339 9154
953 1036 2223 3913
954 6856 6300 2622
955 2185 3623 930
956 304 5746 8424
957 9494 7235 5542
958 1530 8231 6070
959 5069 3311 6251
960 108 8068 1872
961 3085 3274 9051
962 9685 4434 6707
963 2494 8238 4615
964 267 1141 1164
965 9218 3737 8425
966 9583 4620 2472
967 1275 8353 8053
968 4374 5724 3665
969 7681 2447 2431
970 8626 3383 5065
971 4516 5834 8409
972 8691 7111 6799
973 7750 3947 6820
974 5159 6681 7650
975 4928 1693 5108
976 7773 2547 2085
977 5963 1003 179
978 2242 5411 7219
979 8189 2830 6890
980 5390 8945 5694
981 7320 1533 1954
982 7750 6757 9763
983 4719 5295 7923
984 4038 8538 4148
985 7318 2809 2126
986 8067 9868 740
987 9727 1508 5679
988 5297 3706 8516
989 5640 4993 2747
990 2888 9236 2081
991 5142 8362 9429
992 7721 8214 3678
993 2506 7670 8116
994 9684 8450 1061
995 4998 1626 1368
996 9477 8477 7750
997 8365 4369 4708
998 7292 4592 8018
999 8281 3405 5189
1000 6922 354 2018
1001 6740 28 66
1002 3616 -31 -91
1003 1556 32 76
1004 5527 -10 -93
1005 7702 84 33
1006 2963 -15 -43
1007 1322 19 42
1008 7921 -80 -17
1009 9704 1 7
1010 8464 -83 -66
1011 7796 89 72
1012 4696 -3 -57
1013 4671 55 21
1014 6111 -14 -67
1015 9956 52 23
1016 3501 -14 -26
1017 7611 69 7
1018 3945 -39 -98
1019 212 14 89
1020 8683 -14 -63
1021 2978 99 16
1022 4641 -3 -48
1023 6113 49 17
1024 4426 -6 -61
1025 4752 45 73
1026 7163 -19 -9
1027 5633 15 80
1028 7285 -17 -99
1029 5020 75 7
1030 7234 -48 -49
1031 7352 30 2
1032 1650 -46 -68
1033 4111 91 65
1034 3735 -39 -4
1035 9544 72 37
1036 9060 -68 -25
1037 2177 68 40
1038 6073 -25 -12
1039 9192 28 55
1040 5137 -84 -75
1041 5996 42 9
1042 3736 -89 -8
1043 1163 25 64
1044 7941 -19 -98
1045 3483 30 34
1046 6533 -39 -88
1047 1074 39 66
1048 9269 -83 -44
1049 5557 83 47
1050 8623 -9 -69
1051 6186 82 75
1052 317 -16 0
1053 1634 1 94
1054 3181 -74 -86
1055 7766 29 97
1056 6412 -18 -3
1057 6611 57 0
1058 2215 -27 -41
1059 8092 47 23
1060 6197 -96 -74
1061 6688 70 88
1062 4402 -13 -2
1063 1665 86 8
1064 5774 -94 -89
1065 2592 89 48
1066 2651 -52 -56
1067 8021 26 35
1068 2371 -38 -36
1069 3813 22 15
1070 3036 -97 -83
1071 1142 7 12
1072 8112 -6 -44
1073 3688 58 41
1074 9817 -57 -31
1075 1494 57 47
1076 2660 -98 -84
1077 6812 77 67
1078 1874 -7 -62
1079 8027 73 85
1080 8884 -2 -77
1081 4411 19 33
1082 4242 -36 -4
1083 3981 95 46
1084 2521 -65 -98
1085 1050 37 98
1086 5662 -96 -36
1087 2585 61 7
1088 8449 -37 -54
1089 2080 51 96
1090 5896 0 -98
1091 4751 74 2
1092 4922 -29 -43
1093 2392 46 88
1094 6739 -33 -86
1095 1401 36 8
1096 7219 -18 -64
1097 9949 87 26
1098 5571 -73 -52
1099 75 3 29
1100 4466 -75 -76
1101 1651 12 59
1102 8670 -86 -10
1103 2631 37 73
1104 2130 -52 -11
1105 5521 76 72
1106 8581 -56 -80
1107 1402 13 89
1108 7782 -80 -23
1109 4696 82 85
1110 2620 -68 -73
1111 1791 85 69
1112 3128 -72 -45
1113 3058 81 51
1114 2260 -77 -89
1115 3007 68 83
1116 9063 -74 -50
1117 2977 18 12
1118 7264 -21 -57
1119 1109 14 71
1120 9541 -98 -77
1121 2246 22 2
1122 971 -67 -16
1123 4666 34 90
1124 936 -48 -63
1125 6814 85 32
1126 8848 -90 -12
1127 8990 21 39
1128 3251 -15 -42
1129 9322 40 77
1130 5129 0 -59
1131 7866 49 2
1132 1487 -7 -70
1133 8528 91 74
1134 2678 -71 -72
1135 6443 90 0
1136 9592 -59 -7
1137 7157 75 49
1138 880 -40 -86
1139 5502 64 86
1140 278 -44 -88
1141 741 41 16
1142 7130 -57 -6
1143 4573 50 43
1144 9215 -19 -15
1145 4056 90 63
1146 6598 -33 -8
1147 1527 48 55
1148 5239 -31 -43
1149 4925 68 63
1150 6462 -26 -70
1151 8784 77 99
1152 6207 -77 -67
1153 4933 79 6
1154 9203 -82 -50
1155 8926 70 53
1156 8468 -17 -23
1157 5161 77 43
1158 1995 -11 -5
1159 7927 86 20
1160 5418 -87 -1
1161 7001 30 30
1162 2825 -32 -33
1163 5739 69 9
1164 6149 -55 -79
1165 314 57 58
1166 9373 -29 -38
1167 4952 96 13
1168 2540 -69 -97
1169 6849 87 56
1170 5533 -25 -32
1171 6480 97 82
1172 7572 -72 -56
1173 572 3 49
1174 7789 -8 -89
1175 9510 27 71
1176 9759 -77 -35
1177 7257 22 65
1178 1938 -18 0
1179 55 84 94
1180 2585 -53 -21
1181 7689 40 13
1182 2860 -4 -27
1183 7364 15 32
1184 6535 -86 -2
1185 7295 95 71
1186 658 -76 -61
1187 3413 44 35
1188 7888 -55 -41
1189 7732 46 51
1190 2565 -53 -90
1191 4769 50 65
1192 8611 -24 -75
1193 7021 0 77
1194 2211 -99 -18
1195 1996 69 82
1196 2538 -48 -9
1197 7180 84 30
1198 4911 -2 -70
1199 583 15 10
1200 7757 -67 -4
1201 9040 62 31
1202 2855 -8 -77
1203 6835 5 72
1204 7725 -68 -42
1205 3694 29 24
1206 7930 0 -26
1207 2195 67 91
1208 8032 -83 -78
1209 1675 54 89
1210 1928 -32 -75
1211 3021 59 46
1212 47 -1 -2
1213 1919 11 97
1214 7243 -19 -95
1215 6636 63 65
1216 946 -31 -28
1217 9793 52 98
1218 6697 -84 -3
1219 6139 16 56
1220 5811 -86 -16
1221 810 70 0
1222 3606 -49 -85
1223 5652 14 73
1224 5833 -54 -63
1225 2194 62 2
1226 6962 -20 -97
1227 6593 93 90
1228 1561 -75 -37
1229 9608 36 98
1230 5461 -17 -30
1231 492 82 61
1232 9543 -66 -6
1233 2025 1 26
1234 9780 -63 -81
1235 313 3 58
1236 9544 -5 -12
1237 6533 80 42
1238 540 -19 -45
1239 4895 13 32
1240 2617 -18 -79
1241 9011 96 39
1242 1028 -70 -45
1243 4833 79 50
1244 1944 -57 -88
1245 8 28 60
1246 7006 -87 -27
1247 8352 89 11
1248 7496 -11 -31
1249 4283 49 27
1250 3782 -73 -94
1251 1248 32 85
1252 7057 -20 -85
1253 8573 95 51
1254 8110 -42 -61
1255 4574 0 90
1256 7966 -76 -26
1257 9575 93 27
1258 6036 -97 -70
1259 3993 26 2
1260 9246 -18 -13
1261 7858 92 24
1262 3762 -10 -34
1263 799 68 80
1264 6102 -92 -68
1265 4191 0 78
1266 5486 -66 -89
1267 3783 33 47
1268 1863 -56 -84
1269 7524 31 76
1270 3769 -35 -37
1271 6123 72 93
1272 1333 -36 -53
1273 18 56 91
1274 4430 -15 -7
1275 5420 1 62
1276 9177 -54 -67
1277 3625 96 28
1278 7535 -45 -28
1279 6696 67 61
1280 6770 -60 -5
1281 691 13 77
1282 4260 -24 -2
1283 1005 94 7
1284 6222 -27 -9
1285 8240 20 21
1286 6729 -71 -11
1287 176 6 64
1288 944 -81 -97
1289 8965 49 43
1290 8466 -16 -27
1291 2360 22 87
1292 3066 -67 -56
1293 5657 57 86
1294 1182 -46 -13
1295 1156 3 19
1296 8516 -98 -1
1297 8134 20 55
1298 5028 -14 -67
1299 3352 88 35
1300 4210 -87 -56
1301 104 42 98
1302 4489 -69 -88
1303 2861 43 28
1304 8584 -80 -49
1305 2486 29 79
1306 6932 -31 -98
1307 4979 16 94
1308 7998 -93 -60
1309 6442 30 54
1310 5482 -96 -79
1311 1379 94 86
1312 2795 -14 -71
1313 278 7 82
1314 1710 -43 -96
1315 3334 95 39
1316 7021 -18 -79
1317 2703 60 12
1318 5632 -80 -66
1319 1160 41 73
1320 4279 -2 -38
1321 6203 52 79
1322 3865 -95 -56
1323 9008 32 44
1324 9789 -20 -27
1325 8175 22 16
1326 326 -79 -27
1327 3278 48 76
1328 9030 -93 -17
1329 33 33 87
1330 1709 -34 -61
1331 813 5 91
1332 9738 -76 -27
1333 1368 29 89
1334 8563 -14 -47
1335 2241 76 22
1336 1579 -12 -24
1337 4318 41 20
1338 739 -5 -55
1339 8067 45 70
1340 293 -73 -40
1341 445 30 17
1342 1675 -13 -86
1343 9934 48 99
1344 900 -71 -89
1345 9557 3 7
1346 1237 -16 -37
1347 5963 60 53
1348 8184 -60 -40
1349 4785 67 45
1350 4941 -14 -30
1351 143 91 77
1352 5532 -78 -70
1353 9516 43 15
1354 6049 -22 -69
1355 2569 74 95
1356 5266 -94 -72
1357 9335 83 11
1358 5816 0 -98
1359 7548 49 40
1360 3650 -30 -88
1361 7813 6 98
1362 451 -25 -62
1363 2378 30 49
1364 3134 -82 -21
1365 2232 84 75
1366 2756 -40 -23
1367 6502 31 93
1368 2676 -7 -73
1369 5953 72 76
1370 6063 -79 -41
1371 6411 81 70
1372 5562 -85 -70
1373 39 96 74
1374 6294 -50 -27
1375 1917 15 37
1376 4208 -36 -71
1377 6385 99 85
1378 7256 -16 -9
1379 5109 72 32
1380 1030 -5 -40
1381 8399 37 2
1382 9750 -67 -7
1383 5554 71 63
1384 146 -71 -55
1385 8067 79 20
1386 4590 -83 -26
1387 8111 46 91
1388 4194 -29 -15
1389 4784 30 5
1390 8176 -98 -98
1391 2349 83 6
1392 1123 -43 -93
1393 8851 60 20
1394 3986 -79 -94
1395 5928 52 92
1396 5755 -29 -83
1397 412 0 63
1398 609 -70 -27
1399 6062 14 64
1400 691 -62 -42
1401 6551 86 56
1402 2004 -90 -26
1403 8723 59 58
1404 5391 -15 -2
1405 8023 10 44
1406 6059 -93 -27
1407 9735 66 7
1408 4730 -51 -50
1409 3370 47 11
1410 8879 -51 -1
1411 961 75 70
1412 4466 -58 -43
1413 799 25 79
1414 8877 -66 -51
1415 3809 6 61
1416 5249 -19 -82
1417 5818 48 53
1418 3464 -4 -18
1419 2170 8 10
1420 2825 -84 -61
1421 2884 41 6
1422 8640 -27 -31
1423 4340 30 57
1424 1190 -25 -48
1425 131 25 26
1426 4463 -35 -77
1427 6162 59 52
1428 5527 -40 -34
1429 3769 81 58
1430 474 -30 -25
1431 2419 15 27
1432 7287 -63 -56
1433 4310 48 27
1434 8124 -61 -86
1435 7770 63 66
1436 6225 -39 -98
1437 105 32 88
1438 8506 -58 -13
1439 6302 92 30
1440 3970 -42 -56
1441 5455 94 77
1442 3857 -10 -24
1443 3815 24 23
1444 4761 -16 -47
1445 3280 65 26
1446 9041 -36 -38
1447 9819 20 61
1448 3304 -51 -41
1449 2675 16 12
1450 2513 -61 -24
1451 7121 96 45
1452 8156 -78 -49
1453 1529 5 93
1454 8884 -31 -46
1455 2726 5 35
1456 7168 -61 -62
1457 5707 22 39
1458 1139 -72 -56
1459 7641 45 98
1460 3949 -26 -49
1461 5989 33 11
1462 4882 -66 -92
1463 8146 57 46
1464 3271 -7 -61
1465 3994 40 87
1466 5320 -52 -30
1467 2499 85 92
1468 7163 0 -48
1469 4358 20 88
1470 2885 -90 -89
1471 6735 12 48
1472 419 -97 -27
1473 4096 19 66
1474 3582 -39 -4
1475 9408 51 10
1476 6195 -33 -5
1477 6107 6 61
1478 8228 -2 -17
1479 6975 33 89
1480 5326 -5 -94
1481 6372 84 34
1482 204 -29 -79
1483 3342 53 84
1484 8585 -4 -2
1485 6912 67 54
1486 3267 -93 -82
1487 3257 74 42
1488 2185 -81 -82
1489 3930 30 10
1490 2099 -86 -89
1491 2057 38 28
1492 7730 -5 -13
1493 4789 29 16
1494 4533 -24 0
1495 3406 86 32
1496 8973 -6 -9
1497 4439 14 96
1498 4187 -29 -92
1499 8422 10 56
1500 502 -50 -89
1501 1625 63 10
1502 9562 -20 -49
1503 4717 9 90
1504 3562 -94 -64
1505 4608 13 31
1506 1573 -17 -37
1507 5347 53 3
1508 1521 -70 -76
1509 3357 81 84
1510 8657 -33 -64
1511 8756 29 51
1512 572 -43 -83
1513 143 77 72
1514 4630 -48 -23
1515 8140 92 28
1516 3334 -63 -80
1517 8866 57 76
1518 7968 -1 -1
1519 3218 90 18
1520 81 -12 -69
1521 2971 67 41
1522 2193 -66 -98
1523 6616 66 1
1524 3899 -81 -45
1525 1203 95 83
1526 4951 -42 -93
1527 9823 52 61
1528 7465 -97 -73
1529 340 73 6
1530 7228 -75 -14
1531 8627 70 97
1532 3130 -95 -87
1533 7062 64 6
1534 5677 -99 -64
1535 7640 73 96
1536 2236 -18 -8
1537 7941 5 88
1538 717 -60 -98
1539 6157 0 90
1540 4326 -31 -20
1541 1501 97 86
1542 5088 -66 -92
1543 1191 64 21
1544 6071 -39 -93
1545 7400 45 2
1546 8672 -45 -35
1547 7723 10 70
1548 5413 -62 -18
1549 5504 97 50
1550 2561 -77 -72
1551 3130 71 0
1552 6244 -25 -80
1553 4923 65 12
1554 665 -44 -63
1555 3373 52 79
1556 3940 -27 -54
1557 9948 56 83
1558 1580 -15 -17
1559 5594 32 19
1560 1445 -23 -94
1561 8006 49 58
1562 44 -39 -82
1563 2920 92 68
1564 7272 -98 -28
1565 8174 62 16
1566 6995 -65 -98
1567 3505 35 48
1568 4833 -44 -61
1569 5148 67 5
1570 8748 -69 -63
1571 3228 52 53
1572 8375 -87 -64
1573 8264 48 38
1574 8252 -70 -51
1575 1801 14 25
1576 4235 -61 -95
1577 6104 37 2
1578 509 -73 -55
1579 8917 35 40
1580 7060 -64 -48
1581 9056 1 90
1582 2439 -88 -63
1583 4276 84 75
1584 8392 -11 -98
1585 2388 69 75
1586 2698 -84 -62
1587 8877 98 95
1588 3991 -93 -46
1589 222 65 1
1590 5417 -53 -60
1591 4212 65 79
1592 459 -13 -16
1593 530 0 33
1594 9203 -25 -23
1595 9872 71 19
1596 6114 -81 -60
1597 7509 78 56
1598 3057 -47 -38
1599 3002 2 97
1600 4744 -24 -21
1601 5770 6 95
1602 3571 -99 -24
1603 2137 73 40
1604 7094 -53 -12
1605 8885 20 20
1606 8456 -7 -70
1607 171 81 93
1608 7491 -62 -2
1609 5641 26 6
1610 9055 -57 -60
1611 6705 32 15
1612 6133 -47 -69
1613 9248 14 64
1614 3010 -53 -86
1615 6952 0 78
1616 6789 -89 -89
1617 5074 70 82
1618 6657 -51 -41
1619 4237 14 13
1620 3299 -26 -54
1621 3110 52 13
1622 5540 -32 -22
1623 5315 41 41
1624 7856 -58 -45
1625 867 90 26
1626 3673 -65 -62
1627 6809 34 98
1628 8795 -51 -1
1629 4415 55 79
1630 2502 -76 -81
1631 930 12 86
1632 6104 -31 -20
1633 8527 97 82
1634 55 -71 -5
1635 6555 8 68
1636 4722 -2 -39
1637 5361 26 0
1638 9824 -68 -85
1639 9756 13 32
1640 6667 -50 -39
1641 2481 14 51
1642 1847 -17 -63
1643 9764 79 96
1644 9144 -44 -99
1645 7810 59 63
1646 4164 -73 -49
1647 3992 44 14
1648 3557 -82 -92
1649 9721 16 7
1650 4568 -49 -95
1651 1572 18 95
1652 102 -19 -90
1653 4969 29 85
1654 7420 -56 -55
1655 9852 15 29
1656 3634 -48 -51
1657 3096 44 94
1658 6976 -43 -61
1659 5463 48 28
1660 6952 -40 -14
1661 76 35 4
1662 6432 -25 -19
1663 8756 8 36
1664 6621 -18 -97
1665 2805 64 37
1666 1352 -73 -68
1667 4286 48 91
1668 1748 -81 -91
1669 2890 81 85
1670 7328 -73 -73
1671 7631 29 38
1672 6276 -2 -10
1673 5124 19 23
1674 285 -38 -95
1675 3942 41 37
1676 7704 -19 -19
1677 8778 95 30
1678 1189 -68 -54
1679 8280 56 83
1680 1371 -9 -32
1681 3082 65 68
1682 4835 -16 -11
1683 9181 78 68
1684 1046 -5 -77
1685 8928 70 93
1686 7638 -31 -74
1687 581 46 51
1688 7109 -4 -45
1689 8443 44 31
1690 3060 -66 -97
1691 5120 62 0
1692 3999 -88 -87
1693 1351 87 79
1694 3059 -25 -58
1695 2993 70 2
1696 2570 -44 -13
1697 9697 51 40
1698 5644 -48 -91
1699 1604 16 55
1700 17 0 -67
1701 9691 63 94
1702 4902 -93 -69
1703 4092 96 0
1704 5521 -7 -74
1705 1303 98 97
1706 390 -9 -36
1707 9378 77 85
1708 790 -8 -77
1709 1369 65 16
1710 5791 -27 -28
1711 9996 13 69
1712 9983 -34 -78
1713 1231 45 53
1714 8793 -49 -75
1715 8290 78 48
1716 6433 -75 -45
1717 7147 56 28
1718 6548 -97 -36
1719 545 85 82
1720 5887 -60 -84
1721 7653 16 38
1722 8392 -58 -83
1723 2727 58 29
1724 3933 -92 -72
1725 2607 73 59
1726 9582 -8 -97
1727 528 27 11
1728 1062 -92 -62
1729 6455 64 44
1730 7430 -40 -22
1731 9119 21 84
1732 2491 -21 -79
1733 5313 15 88
1734 337 -57 -53
1735 3217 11 41
1736 3635 -80 -27
1737 1635 31 19
1738 993 -45 -57
1739 1626 25 56
1740 4472 -39 -48
1741 2252 90 68
1742 1858 -24 -29
1743 4235 97 33
1744 5844 -57 -79
1745 9994 23 20
1746 5429 -22 -41
1747 4083 29 41
1748 5443 -93 -43
1749 5892 50 1
1750 809 -40 -64
1751 7403 53 9
1752 8195 -85 -76
1753 7563 33 12
1754 9626 -12 -25
1755 6210 79 41
1756 5791 -70 -46
1757 2100 52 97
1758 564 -50 -33
1759 1538 85 70
1760 2712 -46 -98
1761 6470 42 36
1762 6400 -56 0
1763 887 78 87
1764 7748 -87 -50
1765 1808 70 39
1766 2052 -86 -44
1767 8221 37 8
1768 7686 -97 -28
1769 860 85 33
1770 1073 -86 -17
1771 8691 31 12
1772 7333 -35 -42
1773 5300 54 74
1774 8517 -5 -83
1775 5451 76 25
1776 810 -50 -68
1777 595 75 27
1778 5669 -57 -56
1779 7460 70 65
1780 5179 -35 -14
1781 6536 21 67
1782 325 -86 -17
1783 6742 42 0
1784 5703 -6 -71
1785 7355 42 8
1786 6232 -24 -64
1787 369 32 26
1788 1174 -14 -76
1789 755 28 25
1790 727 -76 -54
1791 1490 79 52
1792 7403 -7 -52
1793 5843 22 58
1794 1133 -42 -15
1795 8869 82 2
1796 5719 -78 -37
1797 5537 90 37
1798 1215 -80 -94
1799 741 95 84
1800 3206 -67 -54
1801 1390 5 93
1802 3087 -1 -76
1803 8300 61 85
1804 8001 -13 -66
1805 3348 98 91
1806 8155 -80 -91
1807 5395 77 90
1808 3847 -34 -21
1809 1980 30 87
1810 9357 -68 -98
1811 949 23 48
1812 4327 -9 -6
1813 6928 24 58
1814 3455 -77 -69
1815 8065 26 7
1816 4884 -49 -70
1817 8048 86 32
1818 1479 -2 -62
1819 7347 8 20
1820 9144 -2 -23
1821 1884 90 15
1822 5871 -51 -49
1823 1319 87 48
1824 9236 -93 -57
1825 2433 23 70
1826 3759 -61 -65
1827 9814 50 15
1828 5039 -71 -69
1829 8084 35 50
1830 8808 -45 -63
1831 9740 66 31
1832 1523 0 -77
1833 2181 24 49
1834 9380 -23 -48
1835 3588 32 78
1836 3980 -91 -59
1837 9366 79 27
1838 4316 -51 -50
1839 6824 23 80
1840 8244 -20 -34
1841 992 2 44
1842 1448 -68 -78
1843 325 35 30
1844 384 -71 -88
1845 6142 13 12
1846 4019 -53 -21
1847 4619 58 37
1848 2166 -97 -84
1849 5820 29 6
1850 7550 -69 -42
1851 7679 10 84
1852 5801 -9 -52
1853 2291 97 32
1854 3932 -54 -20
1855 3110 89 62
1856 6632 -60 -16
1857 9940 83 70
1858 5334 -61 -93
1859 4698 9 99
1860 6794 -55 -30
1861 429 74 93
1862 5974 -26 -7
1863 2053 43 2
1864 3321 -31 -85
1865 6157 73 26
1866 3849 -98 -91
1867 7366 14 47
1868 1629 -29 -44
1869 7765 11 73
1870 7451 -61 -62
1871 200 28 14
1872 3619 -83 -41
1873 5896 93 79
1874 7698 -14 -79
1875 359 48 15
1876 9787 -27 -80
1877 5126 47 21
1878 8863 -80 -92
1879 1759 51 47
1880 9576 -18 -37
1881 3482 8 12
1882 3986 -14 -97
1883 9713 89 27
1884 3697 -20 -83
1885 4849 68 79
1886 7462 -68 -14
1887 4138 70 28
1888 2667 -63 -15
1889 2841 57 51
1890 1217 -37 -81
1891 5097 62 41
1892 6368 -81 -60
1893 9214 70 2
1894 4809 -2 -82
1895 3634 45 73
1896 8349 -5 -8
1897 5558 21 10
1898 9391 -3 -40
1899 7330 96 21
1900 939 -11 -49
1901 3504 97 48
1902 338 -93 -30
1903 2758 61 2
1904 350 -46 -58
1905 6264 82 92
1906 6115 -53 -47
1907 1571 35 32
1908 5205 -14 -53
1909 1391 87 83
1910 1568 -90 -40
1911 719 50 68
1912 3255 -58 -45
1913 5963 60 14
1914 4645 -48 -81
1915 3192 96 76
1916 7721 -11 -31
1917 887 76 11
1918 4724 -76 -31
1919 7038 90 31
1920 1382 -80 -95
1921 7192 55 79
1922 7730 -20 -6
1923 2203 41 83
1924 1715 -74 -1
1925 772 67 94
1926 9644 -56 -83
1927 8510 73 37
1928 7975 -15 -43
1929 3905 97 4
1930 3881 -9 -8
1931 5459 38 80
1932 4197 -47 -58
1933 1131 32 40
1934 1307 -99 -10
1935 2421 87 73
1936 1161 -69 -32
1937 3884 94 24
1938 7965 -15 -22
1939 1861 56 31
1940 351 -12 -48
1941 4804 48 24
1942 8529 -56 -75
1943 7527 48 28
1944 5389 0 -67
1945 7323 70 95
1946 9057 -84 -56
1947 7075 94 23
1948 9126 -97 -35
1949 6939 6 36
1950 2232 -16 -39
1951 8210 44 18
1952 8578 -52 -40
1953 8429 97 74
1954 2480 -57 -75
1955 7711 34 36
1956 593 -18 -85
1957 1540 18 38
1958 6539 -16 -61
1959 1609 65 79
1960 896 -64 -95
1961 7945 26 69
1962 2568 -61 -66
1963 4972 49 82
1964 293 -19 -88
1965 4289 49 37
1966 4558 -14 -60
1967 5667 50 1
1968 1618 -11 -50
1969 6091 26 99
1970 8570 -79 -8
1971 8523 0 36
1972 3282 -42 -6
1973 5324 56 34
1974 3076 -55 -67
1975 9646 45 61
1976 4369 -30 -13
1977 9242 95 53
1978 3173 -12 -53
1979 9202 5 26
1980 9372 -48 -45
1981 8582 14 31
1982 8889 -99 -47
1983 6749 68 22
1984 9778 -54 -35
1985 3735 44 24
1986 3530 -71 -16
1987 4099 20 64
1988 5740 -44 -65
1989 2278 94 39
1990 1750 -57 -46
1991 3206 23 12
1992 965 -81 -23
1993 6251 72 59
1994 3672 -6 -77
1995 6242 66 96
1996 2383 -58 -95
1997 1434 0 90
1998 7891 -9 -86
1999 9362 92 1
2000 807 -40 -47
2001 2445 85 65
2002 9578 -77 -73
2003 106 90 26
2004 9417 -16 -54
2005 1366 16 65
2006 4831 -35 -90
2007 49 66 80
2008 252 -16 -86
2009 1084 35 7
2010 2195 -37 -92
2011 3938 31 14
2012 6257 -37 -98
2013 7677 30 40
2014 6870 -5 -25
2015 9542 8 69
2016 5506 -87 -71
2017 211 38 73
2018 3268 -22 -44
2019 9309 63 38
2020 9747 -16 -36
2021 8522 47 91
2022 4045 -2 -23
2023 1971 78 84
2024 4261 -22 -97
2025 2451 51 16
2026 2478 -37 -98
2027 7503 30 16
2028 1876 -38 -85
2029 5927 53 16
2030 9573 -45 -70
2031 3388 53 63
2032 6964 -73 -7
2033 5832 47 83
2034 7537 -48 -79
2035 6797 8 47
2036 8940 -96 -34
2037 988 92 76
2038 441 -46 -49
2039 7641 24 12
2040 9870 -10 -7
2041 2152 41 22
2042 9808 -11 -97
2043 8631 85 79
2044 3455 -1 -69
2045 7743 90 97
2046 7287 -54 -56
2047 6441 31 25
2048 5389 -16 -20
2049 6568 45 36
2050 6520 -43 -21
2051 6954 95 0
2052 857 -99 -93
2053 8941 9 59
2054 7647 -65 -94
2055 8017 49 71
2056 858 -93 -62
2057 7784 42 71
2058 3238 -82 -75
2059 8062 99 77
2060 749 -57 -24
2061 1761 60 66
2062 1661 -56 -60
2063 4751 82 62
2064 4154 -72 -93
2065 2720 78 44
2066 4915 -78 -81
2067 9061 1 61
2068 8707 -42 -54
2069 4993 92 78
2070 980 -1 -63
2071 3615 99 5
2072 6441 -64 0
2073 9186 35 23
2074 1649 -59 -64
2075 4292 70 41
2076 3360 -30 -81
2077 8627 23 33
2078 2555 -27 -83
2079 8215 48 58
2080 3724 -47 -59
2081 9291 98 28
2082 861 -81 -34
2083 852 92 24
2084 9395 -86 -14
2085 445 46 60
2086 5304 -57 -66
2087 1755 63 30
2088 9291 -29 -8
2089 3931 78 96
2090 7355 -44 -5
2091 3395 88 73
2092 342 -73 -8
2093 3746 69 18
2094 5920 -64 -68
2095 311 94 22
2096 2055 -92 -23
2097 7917 57 6
2098 9770 -98 -76
2099 8237 17 98
2100 5240 -54 -10
2101 2783 35 62
2102 7438 -29 -21
2103 691 32 90
2104 347 -67 -10
2105 1225 77 93
2106 5818 -68 -50
2107 2892 34 47
2108 2210 -78 -98
2109 7625 32 12
2110 321 -17 -73
2111 8817 39 6
2112 3547 -82 -41
2113 1860 1 73
2114 4102 -5 -96
2115 7834 78 77
2116 9632 -81 -95
2117 3197 16 17
2118 7661 -39 -19
2119 8901 24 52
2120 8763 -10 -88
2121 3130 55 78
2122 7643 -64 -72
2123 8931 35 39
2124 483 -90 -72
2125 3937 88 43
2126 9315 -46 -83
2127 920 89 98
2128 7606 -41 -91
2129 5170 72 0
2130 1397 -15 -63
2131 3269 21 28
2132 3982 -32 -50
2133 1285 23 44
2134 3500 -39 -93
2135 6583 61 55
2136 6286 -23 -65
2137 9315 60 91
2138 6429 -63 -95
2139 4537 59 8
2140 4265 -73 -94
2141 4264 62 61
2142 6380 -72 -29
2143 2171 88 96
2144 972 -14 -4
2145 4118 86 58
2146 1191 -18 -83
2147 5884 27 90
2148 6461 -68 -94
2149 7969 85 5
2150 5790 -99 -74
2151 4478 34 9
2152 5059 -40 -17
2153 9062 55 51
2154 6828 -34 -9
2155 5371 31 47
2156 6775 -69 -9
2157 2871 75 37
2158 7898 -72 -83
2159 8644 24 80
2160 4721 -23 -78
2161 5059 23 58
2162 2410 -39 -50
2163 1657 83 3
2164 2516 -32 -6
2165 5277 1 89
2166 157 -55 -72
2167 587 24 97
2168 777 -16 -97
2169 566 3 83
2170 396 -24 -64
2171 5725 16 15
2172 8237 -28 -18
2173 1275 82 36
2174 574 -52 -25
2175 1633 44 10
2176 7381 -18 -12
2177 3008 31 5
2178 1352 -23 0
2179 3760 6 23
2180 6151 -15 -22
2181 1150 62 18
2182 1042 -7 -97
2183 5760 25 27
2184 2130 -28 -54
2185 7076 89 90
2186 2642 -45 -18
2187 8384 99 20
2188 3602 -64 -72
2189 9258 41 68
2190 454 -60 -95
2191 2677 94 49
2192 5988 -10 -95
2193 1184 31 69
2194 3572 -8 -51
2195 5278 1 66
2196 5590 -64 -19
2197 6227 1 26
2198 2415 -71 -52
2199 9711 9 69
2200 8395 -6 -64
2201 9584 18 74
2202 1681 -62 -26
2203 4318 99 34
2204 7773 -19 -15
2205 8775 30 34
2206 235 -16 -29
2207 1173 26 31
2208 2897 0 -35
2209 2897 14 83
2210 3547 -70 -65
2211 9317 58 1
2212 1092 -61 -96
2213 2978 24 4
2214 8386 -48 -48
2215 1923 73 2
2216 5459 -75 -79
2217 289 21 69
2218 4876 -98 -33
2219 652 11 91
2220 6280 -75 -91
2221 7155 68 38
2222 2461 -34 -26
2223 6966 72 18
2224 4485 -64 -52
2225 7692 38 73
2226 6179 -79 -39
2227 9900 44 22
2228 6565 -42 -4
2229 3836 20 91
2230 9501 -39 -95
2231 3038 45 29
2232 9075 -19 -28
2233 1179 63 78
2234 7942 -90 -65
2235 3877 39 10
2236 9807 -50 -37
2237 4925 7 61
2238 2641 -69 -55
2239 4960 15 94
2240 6610 -96 -37
2241 4234 50 17
2242 1276 -49 -6
2243 8369 4 91
2244 6408 -25 -71
2245 335 93 35
2246 1612 -58 -20
2247 346 6 34
2248 6971 -4 -95
2249 1827 53 80
2250 3524 -7 -95
2251 2394 12 68
2252 8219 -20 -6
2253 8156 96 53
2254 2429 -95 -83
2255 664 1 80
2256 4447 -52 -19
2257 9174 62 61
2258 159 -18 -77
2259 2845 39 77
2260 9224 -76 -82
2261 9794 40 13
2262 4827 -89 -39
2263 9246 76 91
2264 8041 -24 -11
2265 7353 74 44
2266 8843 -4 -51
2267 1680 53 20
2268 4153 -49 -31
2269 2625 70 38
2270 4059 -28 -36
2271 384 78 43
2272 4611 -72 -98
2273 3254 10 11
2274 6479 -53 -51
2275 6750 30 99
2276 7587 -64 -46
2277 6748 53 26
2278 7980 -38 -89
2279 6732 24 17
2280 2651 -87 -80
2281 5217 84 73
2282 5407 -74 -51
2283 7321 60 90
2284 3484 -82 -6
2285 5443 88 59
2286 5938 -33 -55
2287 7252 1 17
2288 3936 -30 -62
2289 7435 60 27
2290 7179 -26 -89
2291 7647 97 63
2292 3940 -53 -85
2293 2565 90 95
2294 9076 -32 -95
2295 6902 3 27
2296 3379 -15 -74
2297 6713 37 55
2298 8349 -8 0
2299 6070 94 93
2300 3027 -27 -85
2301 410 60 4
2302 605 -66 -78
2303 6924 90 62
2304 9542 -92 -49
2305 8798 53 79
2306 8080 -71 -25
2307 8853 62 38
2308 9974 -81 -17
2309 3955 93 20
2310 5708 -21 -93
2311 2205 47 64
2312 6942 -43 -89
2313 1290 15 57
2314 84 -42 -68
2315 3184 9 39
2316 4893 -28 -20
2317 1300 6 69
2318 2436 -94 -45
2319 442 49 51
2320 6700 -30 -72
2321 5141 84 22
2322 1631 -60 -75
2323 873 40 69
2324 8344 -89 -92
2325 7566 98 29
2326 8791 -11 -22
2327 4118 74 42
2328 2273 -84 -73
2329 7070 45 52
2330 7641 -57 -59
2331 4740 84 13
2332 572 -75 -51
2333 453 35 20
2334 2912 -50 -57
2335 1931 10 97
2336 4186 -53 -80
2337 247 49 37
2338 9177 -43 -14
2339 7730 34 86
2340 4777 -52 -18
2341 8693 44 1
2342 665 -46 -97
2343 5716 34 51
2344 3761 -92 -26
2345 4567 99 15
2346 4285 0 -77
2347 2929 41 48
2348 8122 -9 -91
2349 9475 21 1
2350 4996 -23 -25
2351 473 55 35
2352 1371 -51 -7
2353 1536 44 53
2354 8044 -58 -37
2355 953 67 22
2356 291 -97 -16
2357 9449 35 61
2358 6196 -33 -65
2359 8259 59 25
2360 1863 -34 -71
2361 7998 68 89
2362 9029 -67 -93
2363 3880 84 31
2364 953 -13 -46
2365 1955 40 77
2366 9248 -57 -92
2367 8507 50 85
2368 1690 -85 -43
2369 9496 97 1
2370 4684 -45 -22
2371 5443 33 72
2372 2806 -93 -82
2373 2496 7 88
2374 6155 -43 -37
2375 292 35 31
2376 8473 -99 -65
2377 5281 80 83
2378 9318 -20 -54
2379 1689 90 4
2380 632 -22 -29
2381 2287 87 91
2382 6529 -35 -47
2383 4093 91 26
2384 9768 -31 -79
2385 6201 18 85
2386 7894 -23 -78
2387 142 20 97
2388 2106 -31 -20
2389 2363 15 24
2390 5176 -24 -35
2391 9843 29 96
2392 341 -95 -94
2393 6151 94 68
2394 3003 -19 -94
2395 1705 12 90
2396 7232 -18 -87
2397 1471 64 80
2398 5669 -95 -43
2399 3872 71 32
2400 6188 -2 -46
2401 6714 78 28
2402 5060 -50 -51
2403 7971 44 76
2404 2389 -35 -15
2405 2897 86 70
2406 6379 -53 -88
2407 1755 13 81
2408 9445 -40 -29
2409 1755 75 41
2410 9354 -8 -66
2411 473 13 34
2412 2117 -3 -77
2413 9544 56 20
2414 8747 -61 -93
2415 4399 60 61
2416 7034 -85 -76
2417 7553 11 31
2418 4483 -25 -8
2419 987 30 32
2420 4644 -76 -51
2421 8219 85 45
2422 2971 -2 -76
2423 4162 30 34
2424 9689 -42 -58
2425 3682 48 29
2426 9984 -21 -30
2427 1934 0 61
2428 6100 -20 -99
2429 8528 35 87
2430 1939 -70 -31
2431 2634 15 10
2432 7927 -16 -75
2433 8745 65 47
2434 8595 -24 -91
2435 7584 22 45
2436 6475 -29 -39
2437 4150 14 84
2438 6258 -28 -30
2439 5417 33 84
2440 4052 -89 -10
2441 3859 73 12
2442 2953 -22 -9
2443 9014 33 29
2444 1722 -58 -55
2445 1938 6 87
2446 4017 -88 -34
2447 3142 25 73
2448 4362 -49 -5
2449 3476 93 25
2450 6879 -18 -52
2451 6020 29 25
2452 4298 -55 -51
2453 8944 73 5
2454 7518 -36 -79
2455 2555 18 15
2456 975 -59 -20
2457 5813 14 18
2458 8152 -71 -14
2459 8425 84 40
2460 2183 -28 -8
2461 2428 85 10
2462 3680 -23 -20
2463 9373 62 60
2464 8121 -49 -51
2465 497 9 46
2466 4935 -46 -90
2467 5056 16 85
2468 7694 -46 -74
2469 8641 55 81
2470 4780 -19 -19
2471 2646 34 12
2472 8720 -29 -94
2473 5778 55 61
2474 8444 -67 -60
2475 8366 20 50
2476 6818 -55 -27
2477 7074 81 18
2478 7072 -33 -97
2479 3559 35 82
2480 447 -62 -77
2481 2394 70 37
2482 2046 -14 -51
2483 6824 64 28
2484 6486 -60 -4
2485 1697 72 62
2486 5167 -56 0
2487 3085 83 93
2488 4862 -78 -47
2489 7760 26 71
2490 489 -37 -8
2491 6473 48 44
2492 140 -39 -46
2493 1408 46 36
2494 2580 -6 -7
2495 4621 68 61
2496 8216 -21 -93
2497 6641 69 80
2498 3603 -51 -1
2499 4496 3 21
2500 7348 -74 -1
2501 1895 58 90
2502 243 -40 -22
2503 445 64 19
2504 684 -64 -34
2505 924 49 89
2506 2923 -86 -49
2507 1493 9 42
2508 1128 -53 -59
2509 1308 46 24
2510 1713 -17 -23
2511 6712 27 39
2512 6121 -77 -39
2513 8353 14 8
2514 4558 -63 -98
2515 7969 23 52
2516 6465 -24 -66
2517 9308 22 45
2518 8592 -96 -22
2519 4829 15 99
2520 461 -20 -78
2521 4997 28 33
2522 5435 -87 -46
2523 1323 63 55
2524 4182 -72 -18
2525 947 95 63
2526 6822 -89 -5
2527 1993 57 35
2528 8413 -95 -38
2529 6793 89 19
2530 637 -78 -10
2531 9862 46 58
2532 745 -13 -23
2533 5969 22 36
2534 799 -11 -79
2535 2555 19 70
2536 739 -4 -69
2537 5568 12 20
2538 3052 -83 -70
2539 9186 11 66
2540 6548 -40 -45
2541 7978 12 15
2542 4014 -72 -65
2543 7462 18 41
2544 7112 -45 -14
2545 4459 96 71
2546 7616 -23 -91
2547 6406 75 77
2548 7696 -87 -27
2549 9957 61 98
2550 8589 -44 -2
2551 2398 70 46
2552 8077 -19 -26
2553 8802 21 11
2554 9494 -62 -57
2555 378 86 76
2556 3130 -86 -15
2557 430 38 12
2558 6798 -43 -79
2559 818 31 76
2560 8119 -22 -93
2561 3143 43 78
2562 9895 -20 -10
2563 3692 85 24
2564 7044 -43 -76
2565 8879 85 21
2566 7218 -85 -5
2567 7358 99 60
2568 8441 -16 -30
2569 7259 5 46
2570 3992 0 -2
2571 1172 58 20
2572 1306 -62 -47
2573 8464 66 65
2574 9928 -14 -36
2575 6230 65 15
2576 5117 -90 -45
2577 7961 1 13
2578 9608 -11 -29
2579 4152 71 86
2580 275 -18 -7
2581 4186 63 0
2582 2190 -11 -5
2583 9250 43 48
2584 5218 -99 -11
2585 4049 81 41
2586 8180 -9 -31
2587 9535 39 52
2588 8075 -23 -15
2589 4326 99 38
2590 5980 -34 -70
2591 9122 97 56
2592 1664 -91 -89
2593 687 89 3
2594 2727 -70 -60
2595 6884 64 40
2596 7408 -29 -62
2597 3890 16 90
2598 328 -96 -49
2599 5496 28 6
2600 7081 -15 -6
2601 6374 9 55
2602 8102 -42 -54
2603 4840 54 2
2604 7549 -93 -13
2605 6455 58 85
2606 9985 -70 -30
2607 9705 27 55
2608 6958 0 -70
2609 3094 85 55
2610 452 -35 -7
2611 3 31 60
2612 9041 -96 -80
2613 6973 10 96
2614 5538 -2 -45
2615 9399 47 54
2616 9837 -92 -43
2617 1891 72 12
2618 8833 -8 -26
2619 2653 53 91
2620 5482 -35 -76
2621 1974 84 19
2622 5181 -35 -38
2623 4230 68 44
2624 8865 -38 -51
2625 7575 73 36
2626 6774 -77 -58
2627 2743 71 19
2628 8873 -85 -4
2629 1857 24 15
2630 2066 -85 -17
2631 9529 42 63
2632 5280 -8 -81
2633 4261 44 97
2634 369 -3 -45
2635 9148 13 82
2636 930 -66 -76
2637 1236 53 5
2638 3190 -92 -87
2639 177 31 89
2640 6991 -5 -68
2641 1740 0 48
2642 9038 -60 -46
2643 970 61 8
2644 1572 -26 -82
2645 4294 10 80
2646 5708 -99 -94
2647 1366 95 11
2648 2280 -14 -12
2649 4615 65 84
2650 4196 -69 -12
2651 6512 2 6
2652 1281 -92 -58
2653 398 4 80
2654 6003 -20 -89
2655 8260 18 89
2656 9190 -14 -85
2657 4221 98 96
2658 488 -28 -63
2659 4992 59 19
2660 7590 -94 -24
2661 4913 16 2
2662 8786 -49 -7
2663 6176 22 1
2664 9123 -54 -53
2665 7748 99 37
2666 2903 -77 -58
2667 3764 59 7
2668 3116 -67 -47
2669 9767 43 98
2670 4411 -62 -16
2671 7431 19 75
2672 7557 -37 -24
2673 5679 24 13
2674 8695 -65 -32
2675 5053 95 14
2676 4045 -1 -78
2677 7823 11 96
2678 6501 -21 -29
2679 9039 82 71
2680 2721 -84 -88
2681 2669 40 34
2682 4309 -79 -15
2683 3242 96 56
2684 4803 -75 -85
2685 2773 58 59
2686 3592 -61 -37
2687 6979 68 17
2688 7942 -61 -88
2689 6942 80 15
2690 7078 -87 -60
2691 6700 24 38
2692 6852 -60 -62
2693 5084 10 32
2694 8756 -78 -28
2695 8494 61 29
2696 5504 -97 -42
2697 7656 54 91
2698 9654 -80 -27
2699 536 33 89
2700 9458 -10 -75
2701 4299 56 36
2702 5404 -62 -75
2703 7264 34 14
2704 3823 -34 -3
2705 1660 0 19
2706 8084 -61 -43
2707 5036 34 79
2708 3218 -40 -83
2709 3120 72 71
2710 8416 -74 -53
2711 1376 92 58
2712 8170 -54 -22
2713 2019 7 42
2714 9933 -32 -7
2715 9966 56 60
2716 380 -36 -85
2717 4834 68 0
2718 7646 -95 -14
2719 8551 63 89
2720 2758 -46 -79
2721 7148 0 97
2722 1781 -22 -29
2723 363 89 70
2724 6764 -93 -42
2725 5423 61 80
2726 1533 -93 -98
2727 761 83 71
2728 6000 -25 -98
2729 6251 51 3
2730 7633 -90 -86
2731 7179 49 64
2732 5833 -22 -78
2733 5681 18 34
2734 5168 -89 -62
2735 9980 83 72
2736 819 -55 -35
2737 628 69 18
2738 9495 -53 -20
2739 6407 66 67
2740 1633 -82 -53
2741 2533 81 21
2742 8725 -48 -41
2743 8478 81 84
2744 1521 -89 -68
2745 3952 70 0
2746 7568 -88 -50
2747 7633 93 57
2748 9393 -14 -54
2749 9311 53 63
2750 8941 -26 -90
2751 8252 15 14
2752 7477 -59 -52
2753 6410 93 8
2754 19 -35 -17
2755 949 60 12
2756 7899 -7 -1
2757 6442 37 6
2758 343 -44 -43
2759 1623 52 0
2760 4022 -42 -80
2761 3383 73 10
2762 8931 -43 -54
2763 3296 36 47
2764 1722 -10 -3
2765 447 37 30
2766 6462 -38 -9
2767 3995 43 11
2768 4392 -3 -89
2769 6705 88 18
2770 7681 -1 -1
2771 7030 16 9
2772 587 -88 -69
2773 1128 78 96
2774 8876 -14 -44
2775 4995 17 50
2776 6611 -9 -78
2777 2572 62 92
2778 7258 -45 -53
2779 3094 47 94
2780 1 -47 -78
2781 6776 92 81
2782 106 -48 -21
2783 1760 9 51
2784 5175 -94 -38
2785 5259 57 26
2786 7014 -56 -59
2787 2341 98 47
2788 8657 -77 -25
2789 6488 4 54
2790 4764 -16 -68
2791 5126 30 5
2792 2626 -51 -9
2793 7536 80 3
2794 4150 -80 -55
2795 201 58 83
2796 1834 -66 -83
2797 6944 39 58
2798 7166 -94 -72
2799 3923 91 4
2800 978 -89 -65
2801 271 23 49
2802 2157 -93 -98
2803 9109 84 7
2804 4831 -17 -70
2805 8894 64 90
2806 2228 -25 -56
2807 2414 92 54
2808 9197 -97 -45
2809 1559 67 71
2810 8577 -45 -88
2811 5547 82 21
2812 3300 -69 -29
2813 2656 90 98
2814 7872 -13 -70
2815 7464 29 77
2816 3481 -32 -48
2817 4211 62 35
2818 7175 -49 -91
2819 2046 22 79
2820 2740 -29 -57
2821 9613 9 28
2822 4565 -78 -24
2823 9352 41 22
2824 9993 -40 -53
2825 5109 9 75
2826 241 -34 -46
2827 4991 61 5
2828 9504 -94 -6
2829 4208 52 58
2830 3890 -64 -40
2831 4826 18 13
2832 7393 -6 -53
2833 4852 11 46
2834 890 -61 -59
2835 8861 5 47
2836 5787 -43 -22
2837 2421 66 47
2838 4818 -98 -99
2839 9271 84 59
2840 6422 -55 -69
2841 4163 79 2
2842 8648 -64 -65
2843 5443 98 97
2844 4533 -72 -94
2845 2376 56 21
2846 769 -51 -20
2847 8817 18 62
2848 2543 -1 -98
2849 3009 28 54
2850 4422 -64 -74
2851 5699 47 7
2852 5362 -92 -84
2853 4524 58 85
2854 439 -19 -13
2855 5735 86 53
2856 2563 -64 -24
2857 4470 23 73
2858 9297 -57 -13
2859 2536 62 5
2860 1908 -81 -64
2861 2307 43 55
2862 3473 -49 -53
2863 9969 48 57
2864 7065 -76 -85
2865 8514 50 68
2866 981 -80 -56
2867 1073 62 27
2868 9629 -97 -34
2869 7172 13 17
2870 5931 -24 -50
2871 6622 76 6
2872 9076 -24 -14
2873 7481 51 92
2874 5065 -87 -28
2875 654 66 17
2876 6445 -62 -8
2877 5843 78 80
2878 1644 -92 -93
2879 7330 7 78
2880 134 -9 -31
2881 7537 86 34
2882 5660 -86 -48
2883 1556 50 61
2884 5879 -46 -16
2885 4237 62 54
2886 6077 -47 -53
2887 3206 23 69
2888 1085 -44 -92
2889 3192 93 89
2890 8142 -68 -14
2891 1910 95 14
2892 1031 -17 -75
2893 4662 40 38
2894 982 -87 -47
2895 8483 81 41
2896 6225 -97 -12
2897 3827 82 21
2898 5758 -55 -2
2899 7235 94 25
2900 7081 -13 -35
2901 3020 46 28
2902 7287 -88 -90
2903 8827 4 50
2904 6678 -55 -80
2905 5965 28 88
2906 4348 -23 -13
2907 3867 58 32
2908 1294 -31 -26
2909 8592 88 6
2910 3745 -60 -88
2911 9667 39 63
2912 8125 -99 -17
2913 8634 50 91
2914 2473 -76 -47
2915 3529 8 43
2916 1622 -85 -87
2917 2146 12 86
2918 7820 -7 -67
2919 1484 34 39
2920 1941 -3 -29
2921 9501 45 47
2922 4435 -99 -21
2923 5567 58 12
2924 370 -41 -59
2925 3419 27 3
2926 8070 -23 -75
2927 1389 68 11
2928 3247 -3 -92
2929 5520 34 97
2930 8198 -11 -69
2931 8950 74 46
2932 546 -73 -35
2933 7529 16 29
2934 7172 -38 -17
2935 165 78 24
2936 8576 -94 -10
2937 333 92 72
2938 9702 -1 -51
2939 5927 54 55
2940 4021 0 -13
2941 4532 90 97
2942 7048 -52 -71
2943 3399 51 97
2944 9986 -80 -29
2945 5266 1 23
2946 6624 -8 -12
2947 2584 37 92
2948 8463 -10 -8
2949 5371 14 7
2950 7166 -2 -1
2951 916 66 2
2952 2768 -44 -37
2953 6642 67 28
2954 5445 -68 -99
2955 7204 57 28
2956 9358 -52 -30
2957 6285 95 58
2958 582 -74 -8
2959 9418 70 1
2960 7819 -41 -32
2961 3352 50 3
2962 7671 -65 -51
2963 2997 86 71
2964 5511 -49 -98
2965 2795 68 29
2966 7658 -81 -18
2967 3748 49 92
2968 7295 -93 0
2969 3931 64 78
2970 6533 -71 -31
2971 4844 20 86
2972 6087 -26 -50
2973 507 84 39
2974 3283 -32 -58
2975 5729 61 97
2976 1713 -95 -26
2977 6078 79 99
2978 1724 -84 -8
2979 256 53 6
2980 7343 -23 -14
2981 4062 54 87
2982 6515 -44 -88
2983 9128 13 46
2984 8430 -94 -11
2985 4787 38 31
2986 5924 -53 -94
2987 6611 81 10
2988 5357 -22 -63
2989 4355 79 28
2990 2732 -59 -4
2991 9281 77 23
2992 5913 -68 -46
2993 7032 23 98
2994 3294 -44 -34
2995 4601 65 25
2996 753 -40 -7
2997 1960 27 40
2998 1058 -67 -71
2999 3467 45 28
3000 4546 -18 -19
3001 2891 9 67
3002 8500 -8 -75
3003 5647 8 71
3004 3995 -36 -51
3005 9191 55 87
3006 540 -94 -92
3007 1750 97 42
3008 9928 -60 -32
3009 1322 41 12
3010 1111 -49 -16
3011 8703 37 9
3012 2376 -88 -95
3013 1011 86 10
3014 8523 -91 -58
3015 1586 88 97
3016 2951 -25 -12
3017 4687 57 52
3018 4892 -96 -64
3019 8661 55 66
3020 2646 -94 -9
3021 3766 72 3
3022 8195 -99 -51
3023 9233 54 95
3024 5227 -70 -54
3025 7766 67 17
3026 1592 -98 -74
3027 6788 59 44
3028 1726 -19 -36
3029 5206 26 85
3030 1127 -99 -16
3031 6135 9 43
3032 8155 -93 -19
3033 5489 94 12
3034 6990 -89 -72
3035 5950 25 45
3036 6813 -41 -70
3037 5191 53 6
3038 6023 -19 -61
3039 397 21 92
3040 2675 -25 -11
3041 4901 43 3
3042 5096 -82 -80
3043 1974 24 81
3044 4571 -95 -58
3045 7694 1 92
3046 1325 -7 -22
3047 5208 48 5
3048 2943 -48 -86
3049 7475 32 54
3050 3248 -37 -78
3051 9586 96 52
3052 8536 -10 -97
3053 4549 22 91
3054 1931 0 -78
3055 3958 75 65
3056 8951 -85 -54
3057 202 51 62
3058 3483 -90 -35
3059 1003 64 68
3060 3786 -53 -88
3061 2713 74 94
3062 6590 -87 -62
3063 4801 41 85
3064 5810 -58 -69
3065 966 2 48
3066 1526 -11 -2
3067 1402 73 4
3068 4280 -34 -97
3069 6925 59 45
3070 7957 -34 -40
3071 4602 81 29
3072 7418 -18 -35
3073 7995 36 73
3074 9793 -21 -25
3075 6898 36 7
3076 9697 -85 -37
3077 3749 9 87
3078 1217 -58 -74
3079 56 24 0
3080 1356 -72 -89
3081 4230 18 49
3082 4007 -14 -55
3083 8691 49 46
3084 2597 -32 -69
3085 8572 15 41
3086 4065 -63 -45
3087 553 18 92
3088 9898 -97 -97
3089 7752 73 97
3090 7474 -41 -24
3091 6119 35 13
3092 2074 -47 -74
3093 4545 17 76
3094 1890 -73 -69
3095 3036 6 6
3096 8690 -57 -73
3097 6264 28 9
3098 2559 -72 -49
3099 3759 42 37
3100 3106 -93 -24
3101 8431 67 53
3102 3816 -64 -90
3103 5953 74 42
3104 8310 -15 -59
3105 7481 76 92
3106 7379 0 -96
3107 1498 97 14
3108 8589 -52 -50
3109 3383 21 28
3110 3586 -96 -54
3111 2906 15 62
3112 6670 -84 -11
3113 3013 30 46
3114 1113 -12 -70
3115 6469 95 9
3116 764 -16 -83
3117 5300 16 44
3118 3214 -51 -68
3119 1799 19 67
3120 3216 -42 -24
3121 3081 83 72
3122 8210 -53 -55
3123 7326 86 1
3124 7140 -89 -11
3125 4959 88 21
3126 9433 -11 -87
3127 10 19 41
3128 2444 -57 -34
3129 5514 35 21
3130 5312 -80 -67
3131 184 13 28
3132 3160 -35 -94
3133 7182 98 90
3134 6838 -49 -11
3135 4836 42 56
3136 291 -84 -82
3137 1575 0 47
3138 3900 -95 -40
3139 3721 99 8
3140 6898 -72 -67
3141 2997 43 12
3142 6026 -23 -3
3143 6961 95 30
3144 7935 -17 -67
3145 8828 25 71
3146 1137 -30 -10
3147 6918 0 95
3148 8497 -45 -71
3149 2041 56 66
3150 613 -71 -47
3151 7182 44 80
3152 4646 -27 -59
3153 6978 27 84
3154 1372 -8 -45
3155 475 91 44
3156 7845 -88 -70
3157 1481 93 51
3158 7297 -91 -22
3159 810 77 0
3160 3655 -96 -86
3161 76 16 11
3162 5749 -51 -43
3163 7462 12 26
3164 1958 -77 -57
3165 3527 15 61
3166 1588 -24 -93
3167 1393 76 5
3168 4647 -75 -88
3169 8306 71 21
3170 3822 -17 -15
3171 7450 36 45
3172 7966 -72 -65
3173 8521 76 21
3174 3851 -21 -61
3175 7517 17 84
3176 9606 -16 -51
3177 1508 41 79
3178 638 -13 -16
3179 3424 43 56
3180 7727 -22 -9
3181 6855 73 93
3182 4976 -7 -71
3183 7875 35 36
3184 5625 -11 -20
3185 3464 11 87
3186 2274 -86 -4
3187 8958 42 36
3188 8531 -56 -81
3189 1488 98 68
3190 2905 -46 -92
3191 24 98 67
3192 6737 -96 -87
3193 4067 46 69
3194 5902 -72 -75
3195 6560 43 65
3196 79 -41 -84
3197 9328 80 43
3198 1687 -43 -10
3199 5179 63 0
3200 3544 -16 -26
3201 3183 19 71
3202 1556 -98 -24
3203 9701 82 38
3204 6458 -78 -91
3205 9114 64 4
3206 216 -86 -38
3207 6415 5 37
3208 9459 -1 -57
3209 7432 15 77
3210 3384 -79 -30
3211 5201 10 99
3212 2106 -39 -9
3213 1003 90 45
3214 4466 -34 -1
3215 66 74 97
3216 1447 0 -15
3217 4589 57 9
3218 3038 -57 -7
3219 5934 96 60
3220 6776 -63 -86
3221 8871 38 60
3222 7596 -68 -65
3223 9550 17 43
3224 3149 -62 -44
3225 5900 19 45
3226 5622 -41 0
3227 1252 25 94
3228 7968 -4 -49
3229 7612 78 67
3230 290 -16 -50
3231 3300 7 79
3232 6211 -53 -46
3233 9367 2 43
3234 6490 -52 -56
3235 3093 29 86
3236 6224 -69 -47
3237 311 88 42
3238 6209 -90 -56
3239 6609 59 73
3240 8997 -35 -36
3241 6659 41 91
3242 2294 -93 -60
3243 5316 23 9
3244 3969 -12 -77
3245 1495 80 6
3246 8683 -59 -74
3247 2 61 27
3248 2423 -58 -18
3249 6844 7 71
3250 4020 -63 -45
3251 7316 42 4
3252 7935 -68 -12
3253 5497 9 94
3254 1758 -37 -14
3255 9577 67 57
3256 5365 -41 -71
3257 273 51 89
3258 4770 -8 -10
3259 5399 65 7
3260 6455 -56 -94
3261 1865 6 87
3262 3236 -39 -51
3263 3331 6 23
3264 6217 -46 -31
3265 4240 59 52
3266 4573 -33 -19
3267 6639 64 83
3268 3943 0 -99
3269 4523 4 15
3270 1166 -71 -54
3271 51 64 56
3272 827 -31 -24
3273 4354 9 19
3274 3162 -46 -34
3275 166 49 66
3276 1502 -80 -10
3277 4336 33 67
3278 973 -15 -45
3279 4711 34 86
3280 8022 -84 -82
3281 2051 92 65
3282 25 -56 -58
3283 557 20 90
3284 6521 -22 -88
3285 6299 45 61
3286 8128 -34 -6
3287 5985 0 30
3288 86 -27 -46
3289 2240 4 40
3290 1330 -70 -83
3291 5073 62 80
3292 5208 -76 -98
3293 5042 32 10
3294 9008 -2 -17
3295 7306 70 3
3296 7818 -8 -30
3297 8194 16 22
3298 4616 -87 -32
3299 1715 23 58
3300 5239 -91 -7
3301 9982 30 41
3302 5428 -39 -76
3303 6555 69 18
3304 5883 -11 -67
3305 1500 55 50
3306 7809 -43 -7
3307 8586 13 62
3308 3257 -44 -6
3309 2 86 25
3310 4432 -13 -72
3311 8574 84 9
3312 2132 -32 -18
3313 9079 19 58
3314 7502 -1 -67
3315 3289 1 82
3316 188 0 -63
3317 5509 15 40
3318 8765 -4 -16
3319 4259 72 93
3320 9499 -6 -7
3321 2151 22 99
3322 4388 -76 -18
3323 7886 39 30
3324 6573 -83 -80
3325 20 9 86
3326 4433 -99 -83
3327 8229 86 95
3328 6202 -51 -64
3329 9697 84 86
3330 4498 -37 -40
3331 1022 90 8
3332 1379 -29 -90
3333 3424 75 4
3334 6180 -51 -24
3335 7362 64 38
3336 8380 -46 -94
3337 2602 27 11
3338 1679 -65 -31
3339 9642 86 73
3340 3479 -87 -58
3341 5113 78 2
3342 9118 -20 -2
3343 2687 70 80
3344 8010 -26 -27
3345 1066 1 84
3346 7794 -48 -97
3347 8164 28 60
3348 154 -86 -49
3349 3263 59 73
3350 4453 -87 -11
3351 5131 36 4
3352 9100 -6 -38
3353 5729 38 72
3354 4355 -56 -71
3355 4874 39 6
3356 5384 -27 -95
3357 2367 60 15
3358 9644 -19 -42
3359 6827 88 58
3360 4930 -64 -63
3361 132 73 76
3362 4566 -16 -34
3363 6937 18 40
3364 6165 -21 -61
3365 9579 9 28
3366 2264 -46 -83
3367 7852 66 66
3368 6856 -8 -23
3369 5718 81 30
3370 4047 -84 -91
3371 2397 75 48
3372 270 -10 -63
3373 9533 99 82
3374 8427 -14 -85
3375 3388 4 4
3376 3877 -3 -55
3377 9795 6 14
3378 3810 -59 -32
3379 1842 6 46
3380 9480 -42 -8
3381 3384 63 80
3382 2908 -67 -43
3383 4200 32 56
3384 9076 -59 -79
3385 3582 16 36
3386 8958 -18 -57
3387 7325 97 27
3388 7035 -55 -36
3389 5494 46 31
3390 1171 -92 -90
3391 8614 51 13
3392 3980 -29 -62
3393 3053 33 25
3394 4933 -53 -52
3395 8363 26 85
3396 4801 -43 -27
3397 1109 29 2
3398 3518 -40 -9
3399 1690 54 9
3400 4225 -98 -94
3401 251 27 16
3402 2362 -46 -75
3403 4022 92 83
3404 4876 -23 -84
3405 7661 6 75
3406 1415 -14 -89
3407 5112 77 72
3408 9622 -85 -58
3409 2611 60 99
3410 715 -29 -61
3411 5169 46 48
3412 5431 -2 -9
3413 4466 83 61
3414 5303 -63 -10
3415 2600 55 48
3416 3361 -22 -99
3417 9855 90 4
3418 100 -90 -82
3419 5552 66 85
3420 7851 -98 -99
3421 1525 68 16
3422 9525 -68 -54
3423 7282 34 31
3424 886 -83 -20
3425 5292 37 84
3426 6346 -53 -82
3427 3200 90 89
3428 2458 -67 -45
3429 8085 79 35
3430 8993 -90 -43
3431 2479 59 58
3432 2866 -78 -18
3433 5709 99 23
3434 9227 -87 -95
3435 4444 17 68
3436 2294 0 -98
3437 1957 93 36
3438 6643 -33 -98
3439 1996 94 2
3440 9531 -60 -46
3441 4810 92 29
3442 4195 -11 -54
3443 7945 9 76
3444 6171 -16 -99
3445 8113 28 82
3446 3703 -32 -41
3447 8413 62 79
3448 2919 -10 -12
3449 8143 54 90
3450 1661 -57 -60
3451 1327 73 0
3452 17 -37 -78
3453 3798 64 23
3454 8658 -60 -62
3455 9232 33 23
3456 2964 -27 -76
3457 6945 28 38
3458 3495 -81 -26
3459 1257 78 10
3460 2736 -68 -64
3461 3897 3 59
3462 4907 -47 -55
3463 3324 10 26
3464 7297 -71 -19
3465 6015 87 19
3466 7040 -4 -97
3467 3734 68 65
3468 690 -33 -53
3469 2723 40 68
3470 9034 -20 -55
3471 8921 28 51
3472 1794 -65 -85
3473 5567 60 95
3474 3485 -75 -67
3475 3916 53 74
3476 7829 -93 -86
3477 2050 66 76
3478 9836 -5 -82
3479 6153 29 16
3480 2893 -37 -32
3481 6229 85 32
3482 1728 0 -90
3483 7592 93 12
3484 2927 -97 -22
3485 9548 33 9
3486 5840 -92 -85
3487 2052 94 66
3488 4962 -44 -75
3489 2291 4 6
3490 8313 -30 -96
3491 7174 2 21
3492 5338 -36 -18
3493 3093 23 49
3494 3267 -36 -48
3495 8790 63 90
3496 7294 -9 -26
3497 9995 90 89
3498 7408 -56 -58
3499 7554 86 46
3500 22 -84 -56
3501 5450 43 39
3502 9119 -91 -1
3503 4744 35 19
3504 2185 -99 -8
3505 5046 43 82
3506 7046 -14 -38
3507 9338 79 14
3508 1224 -76 -33
3509 3978 74 76
3510 7636 -38 -53
3511 2008 80 68
3512 7711 -82 -41
3513 1852 69 92
3514 1581 -8 -35
3515 3762 19 21
3516 1032 0 -27
3517 8462 73 70
3518 7316 -2 -64
3519 7772 0 44
3520 8431 -45 -64
3521 3097 28 59
3522 8232 -13 -48
3523 6105 27 23
3524 3614 -85 -54
3525 3002 52 90
3526 1114 -54 0
3527 7131 28 22
3528 6071 -36 -59
3529 469 69 4
3530 6778 -96 -84
3531 5577 76 61
3532 8999 -2 -33
3533 6543 81 1
3534 1016 -30 -4
3535 6920 34 56
3536 7720 -92 -52
3537 1698 38 74
3538 3530 -35 -81
3539 6047 29 77
3540 8272 -83 -36
3541 8624 75 30
3542 7138 -36 -16
3543 3329 52 99
3544 6583 -78 -21
3545 1199 79 58
3546 1804 -15 -56
3547 7081 39 13
3548 9252 -49 -97
3549 4510 57 99
3550 3076 -27 -30
3551 2418 60 33
3552 6178 -82 -77
3553 547 25 16
3554 846 -75 -2
3555 6703 87 24
3556 9663 -7 -81
3557 9060 53 69
3558 4247 -92 -36
3559 8693 34 30
3560 3241 -96 -72
3561 2462 66 23
3562 3220 -39 -25
3563 4002 69 66
3564 3662 -67 -46
3565 8490 17 80
3566 3667 -87 -41
3567 4510 65 10
3568 772 -8 -88
3569 9554 10 54
3570 2651 -5 -54
3571 7845 56 15
3572 4899 -62 -47
3573 8594 62 47
3574 2122 -35 -26
3575 9950 55 44
3576 8242 -18 -59
3577 7004 92 7
3578 5288 -82 0
3579 5923 64 95
3580 2753 -74 -71
3581 2948 63 65
3582 4304 -17 -22
3583 2101 32 94
3584 2334 -10 -61
3585 935 32 42
3586 3595 -56 -19
3587 3592 41 71
3588 8063 -41 -25
3589 708 31 77
3590 1722 -85 -93
3591 9434 24 75
3592 4305 -71 -27
3593 1974 62 10
3594 1139 -4 -90
3595 9662 32 33
3596 5684 -25 -40
3597 1310 89 86
3598 5884 -81 -29
3599 7465 48 20
3600 3345 -92 -43
3601 395 90 93
3602 8279 -41 -48
3603 4256 80 75
3604 2293 -32 -71
3605 4122 66 47
3606 5792 -60 -33
3607 9822 15 63
3608 8501 -58 -26
3609 7002 59 52
3610 5089 -32 -21
3611 1514 43 51
3612 7906 -63 -73
3613 8639 78 66
3614 9421 -51 -77
3615 926 23 10
3616 5400 -25 -12
3617 3902 76 16
3618 8111 -72 -74
3619 4310 20 27
3620 4613 -45 -39
3621 3731 27 2
3622 7586 -50 -78
3623 3037 17 23
3624 4631 -6 -55
3625 7927 17 67
3626 5973 -98 -5
3627 1840 29 45
3628 5685 -20 -13
3629 2506 95 7
3630 7633 -33 -27
3631 7596 29 20
3632 1151 -92 -3
3633 6126 7 76
3634 9712 -12 -40
3635 3830 59 68
3636 6291 0 -57
3637 6185 51 46
3638 3122 -62 -39
3639 8914 48 48
3640 6327 -11 -27
3641 1691 27 51
3642 5477 -97 -96
3643 8118 76 35
3644 5855 -2 -40
3645 7812 42 64
3646 6825 -1 -64
3647 9455 20 0
3648 9268 -75 -26
3649 4056 68 40
3650 1063 -82 -74
3651 5820 74 18
3652 9755 -98 -14
3653 6380 17 58
3654 4848 -2 -69
3655 6295 61 9
3656 4713 -66 -73
3657 8801 56 97
3658 18 -99 -23
3659 7328 82 95
3660 3960 -70 -61
3661 6 2 21
3662 3596 -48 -18
3663 9140 56 2
3664 8293 -8 -36
3665 6770 94 65
3666 4180 -87 -84
3667 4707 3 80
3668 608 -82 -96
3669 8344 5 11
3670 7894 -24 -24
3671 2094 22 45
3672 856 -66 -89
3673 1658 30 65
3674 3217 -64 -69
3675 9044 19 18
3676 3585 -95 -88
3677 3286 56 49
3678 2261 -5 -43
3679 2243 20 4
3680 3690 -26 -67
3681 888 58 9
3682 2221 -98 -30
3683 2065 61 57
3684 2235 -2 -85
3685 3515 89 78
3686 4799 -72 -92
3687 3558 37 27
3688 637 -35 -73
3689 9301 27 78
3690 4581 -62 -78
3691 3717 74 54
3692 8829 -72 -24
3693 9654 25 14
3694 3856 -38 -24
3695 9498 49 66
3696 1595 -72 -26
3697 2273 68 46
3698 242 -95 -4
3699 148 7 71
3700 3833 -93 -45
3701 4586 75 98
3702 5571 -99 -59
3703 6704 10 25
3704 578 -40 -66
3705 8370 37 81
3706 149 -90 -58
3707 6738 67 37
3708 2665 -97 -88
3709 9241 42 24
3710 6111 -78 -70
3711 5909 82 32
3712 3913 -42 -7
3713 707 66 92
3714 198 -90 -50
3715 2422 60 33
3716 7873 -97 -64
3717 7561 91 31
3718 4434 -16 -66
3719 9918 51 54
3720 6914 -88 -28
3721 1443 64 1
3722 5898 -35 -5
3723 794 58 39
3724 8558 -90 -26
3725 2023 97 64
3726 5801 -97 -30
3727 7948 29 63
3728 8821 -6 -53
3729 5633 88 35
3730 7356 -38 -90
3731 6130 37 81
3732 2382 -79 -28
3733 4048 74 26
3734 671 -47 -47
3735 8776 49 16
3736 6940 -23 -52
3737 2154 10 15
3738 3848 -62 -96
3739 5052 44 40
3740 8323 -63 -5
3741 3096 89 88
3742 3528 -67 -18
3743 6623 16 67
3744 2488 -64 -17
3745 9711 18 51
3746 9290 -62 -17
3747 4352 4 20
3748 7527 -19 -62
3749 450 80 30
3750 5417 -60 -77
3751 9997 12 97
3752 2240 -95 -81
3753 4779 71 80
3754 2126 -26 -54
3755 3489 63 73
3756 8072 -85 0
3757 7404 34 69
3758 8948 -60 -92
3759 7691 7 53
3760 3220 -55 -65
3761 3295 64 84
3762 3677 -14 -89
3763 6123 35 60
3764 6021 -81 -12
3765 2679 42 39
3766 1969 -50 -49
3767 8583 21 84
3768 7323 -30 -56
3769 9446 25 21
3770 578 -8 -53
3771 2408 38 15
3772 6944 -15 -81
3773 8388 12 21
3774 1220 -12 -42
3775 7586 53 85
3776 5404 -99 -96
3777 5724 90 4
3778 5712 -46 -99
3779 1249 63 20
3780 5012 -84 -61
3781 7539 41 58
3782 810 -47 -79
3783 8124 72 13
3784 3561 -45 -80
3785 5900 42 71
3786 8664 -40 -61
3787 5095 47 69
3788 6213 -98 -15
3789 2045 33 89
3790 5431 -42 -19
3791 700 14 79
3792 6727 -96 -53
3793 6275 30 98
3794 2834 -50 -36
3795 6235 67 53
3796 1832 -55 -10
3797 7647 53 18
3798 5039 -16 -66
3799 2455 13 77
3800 6483 -97 -47
3801 5211 88 41
3802 7188 -5 -69
3803 1252 68 37
3804 9753 -10 -38
3805 5050 36 29
3806 2236 -64 -95
3807 6545 85 94
3808 9476 -81 -13
3809 2795 18 79
3810 6400 -40 -23
3811 3170 4 97
3812 756 -28 -88
3813 263 40 8
3814 6247 -65 -19
3815 1916 49 55
3816 8795 -92 -15
3817 8901 98 9
3818 747 -32 -75
3819 5139 74 77
3820 7734 -45 -94
3821 5887 55 56
3822 2367 -61 -84
3823 3456 94 92
3824 6058 -1 -71
3825 6290 61 97
3826 5397 -38 -80
3827 1926 91 49
3828 6066 -16 -44
3829 2318 94 44
3830 4316 -30 -41
3831 3530 90 80
3832 8122 -95 -69
3833 4493 36 44
3834 5939 -77 -68
3835 6261 26 65
3836 7953 -98 -97
3837 6838 2 8
3838 3702 -1 -63
3839 3297 54 5
3840 7680 -75 -90
3841 6261 33 4
3842 9086 -66 -70
3843 7503 93 16
3844 3473 -53 -77
3845 9255 71 28
3846 5354 -81 -39
3847 3759 91 35
3848 1449 -44 -5
3849 9292 43 94
3850 6649 -22 -56
3851 8611 1 48
3852 7103 -26 -76
3853 592 6 87
3854 1520 -54 -31
3855 4514 1 95
3856 8196 -28 -31
3857 5281 76 4
3858 6976 -95 -94
3859 7684 17 34
3860 3050 -70 -92
3861 1690 66 9
3862 2827 -82 -28
3863 7506 57 40
3864 6211 -64 -32
3865 3102 44 41
3866 609 -22 -46
3867 3043 97 56
3868 6312 -12 -61
3869 9070 33 95
3870 6108 -63 -77
3871 2608 45 28
3872 3316 -7 -9
3873 4832 26 52
3874 394 -86 -12
3875 6116 30 89
3876 1282 -41 -63
3877 1225 80 76
3878 509 -6 -72
3879 5847 16 49
3880 9555 -94 -80
3881 6631 85 33
3882 1003 -96 -99
3883 8916 93 73
3884 4794 -99 -85
3885 8334 70 88
3886 8113 -82 -15
3887 9440 12 69
3888 6063 -71 -29
3889 5083 33 81
3890 5073 -52 -75
3891 9553 76 20
3892 7669 -58 -20
3893 759 77 25
3894 5316 -38 -55
3895 2810 42 89
3896 7830 -13 -81
3897 6617 52 48
3898 4535 0 -33
3899 3606 59 31
3900 8292 -27 -57
3901 2953 89 60
3902 4493 -2 -60
3903 4413 94 92
3904 1678 -83 -75
3905 9482 72 58
3906 3776 -19 -79
3907 6639 10 76
3908 8104 -25 -60
3909 8244 80 33
3910 6578 -79 -92
3911 674 13 86
3912 4330 -23 -42
3913 8301 29 29
3914 3492 -28 -78
3915 2666 85 90
3916 7422 -58 -19
3917 8761 84 75
3918 9196 -18 -58
3919 3901 70 48
3920 4501 -94 -95
3921 2696 79 53
3922 5606 -39 -8
3923 5968 75 56
3924 8082 -98 -96
3925 4642 12 41
3926 7418 -21 -56
3927 4278 84 51
3928 8050 -78 -64
3929 4673 56 66
3930 3328 -10 -84
3931 321 70 87
3932 7298 -16 -80
3933 5071 39 72
3934 7869 -76 -38
3935 1018 99 82
3936 4672 -23 -18
3937 7794 78 16
3938 7327 -13 -77
3939 1601 31 97
3940 1456 -49 -50
3941 3595 78 64
3942 5010 -16 -94
3943 6896 25 44
3944 6319 -68 -69
3945 7187 46 99
3946 1609 -99 -2
3947 6457 79 73
3948 3069 -55 -59
3949 2813 90 36
3950 931 -56 -93
3951 2362 85 39
3952 9132 -33 -93
3953 8757 37 16
3954 1577 -91 -47
3955 2402 95 36
3956 442 -56 -48
3957 5061 7 51
3958 4390 -21 -91
3959 27 74 66
3960 9343 -83 -17
3961 7714 27 30
3962 6702 -56 -83
3963 3828 24 59
3964 2092 -6 -81
3965 1878 43 61
3966 530 -87 -6
3967 7277 99 8
3968 8002 -70 -79
3969 2464 38 73
3970 2182 -76 -78
3971 4138 27 51
3972 8450 -7 -49
3973 3066 10 42
3974 1262 -42 -13
3975 2748 22 72
3976 5959 -24 -57
3977 9853 0 42
3978 201 -54 -59
3979 1285 14 38
3980 4304 -11 -53
3981 3544 4 75
3982 2676 -19 -68
3983 2852 8 57
3984 5776 -17 -79
3985 6056 79 24
3986 838 -64 -50
3987 7416 61 99
3988 9858 -32 -90
3989 5580 52 56
3990 4900 -47 -25
3991 3034 82 32
3992 9156 -38 -92
3993 8970 13 54
3994 7626 -67 -60
3995 5695 14 96
3996 81 -44 -58
3997 8744 45 88
3998 8991 -83 -75
3999 5061 32 2
4000 2823 -43 -85
4001 7324 85 40
4002 1859 -70 -88
4003 5915 82 10
4004 3422 -87 -99
4005 677 66 0
4006 7377 -28 -46
4007 9656 28 92
4008 3856 -2 -38
4009 2418 77 23
4010 9795 -55 -16
4011 7373 40 6
4012 8735 -6 -70
4013 8745 1 95
4014 7063 -25 -48
4015 7528 15 52
4016 2576 -36 -49
4017 4645 12 37
4018 5672 -58 -7
4019 9083 78 92
4020 160 -77 -98
4021 192 22 59
4022 3539 -56 -59
4023 269 84 22
4024 856 -60 -76
4025 4921 83 58
4026 3752 -74 -66
4027 8951 78 79
4028 8713 -41 -70
4029 971 23 12
4030 5833 -20 -76
4031 9402 47 83
4032 2616 -81 -1
4033 8067 68 68
4034 3915 -57 -17
4035 6159 92 27
4036 5586 -76 -54
4037 4330 46 73
4038 9470 -63 -76
4039 3634 52 8
4040 6182 -37 -88
4041 1301 16 36
4042 4549 -32 -96
4043 595 32 93
4044 8059 -43 -19
4045 3528 54 93
4046 9177 -19 -51
4047 8496 50 28
4048 2957 -11 -18
4049 8779 21 20
4050 1991 -5 -73
4051 3161 10 63
4052 2345 -59 -57
4053 1362 83 80
4054 7602 -82 -89
4055 7120 49 78
4056 9328 -84 -46
4057 1006 67 95
4058 495 -53 -35
4059 2491 69 32
4060 175 -40 -12
4061 449 46 47
4062 3403 -97 -31
4063 1013 74 34
4064 202 -9 -84
4065 3241 34 80
4066 7417 -86 -13
4067 5040 2 0
4068 5919 -83 -4
4069 7186 70 87
4070 7970 -62 -12
4071 9405 96 82
4072 9128 -34 -23
4073 2477 32 44
4074 6772 -97 -8
4075 9608 23 39
4076 915 -55 -64
4077 7121 95 59
4078 2313 -30 -89
4079 1016 9 34
4080 306 -56 -95
4081 8231 21 35
4082 5217 -66 -77
4083 411 67 24
4084 6038 -73 -91
4085 5614 82 29
4086 3736 -53 -92
4087 4922 11 97
4088 9580 -49 -66
4089 1828 96 26
4090 7209 -45 -36
4091 1508 98 33
4092 6601 -94 -10
4093 3287 82 56
4094 4959 -54 -26
4095 5908 86 44
4096 771 -88 -27
4097 3814 54 53
4098 3063 -20 -76
4099 5799 56 18
4100 930 -41 -87
4101 947 52 16
4102 3261 -75 -87
4103 644 46 80
4104 5514 -81 -70
4105 9940 73 70
4106 1150 -52 -90
4107 6407 19 86
4108 9797 -59 -73
4109 7993 25 18
4110 724 -33 -95
4111 119 8 15
4112 1832 -66 -95
4113 5666 31 68
4114 3997 -80 -60
4115 5837 76 35
4116 8276 -92 -6
4117 2896 81 41
4118 8045 -69 -93
4119 6596 96 13
4120 2454 -71 -41
4121 9204 74 62
4122 8959 -37 -82
4123 4374 57 29
4124 3854 -9 -60
4125 5513 31 28
4126 5901 -10 -21
4127 8955 34 95
4128 120 -7 -55
4129 4417 58 8
4130 2954 -48 -8
4131 3991 15 53
4132 109 -54 -78
4133 8856 88 41
4134 1149 -60 -22
4135 1806 97 72
4136 4119 -15 -71
4137 1603 53 63
4138 1193 -5 -20
4139 5875 92 61
4140 7153 -34 -5
4141 5770 5 95
4142 1196 -49 -83
4143 7650 14 67
4144 4979 -16 -15
4145 3561 73 13
4146 160 -16 -57
4147 1943 76 9
4148 202 -99 -48
4149 3498 98 5
4150 6452 -6 -82
4151 4321 42 71
4152 7868 -69 -53
4153 1549 90 96
4154 8687 -8 -92
4155 5183 50 31
4156 8917 -67 -65
4157 6562 45 44
4158 608 -37 -48
4159 4652 63 42
4160 1660 -54 -52
4161 9388 82 24
4162 149 -77 -36
4163 4495 41 68
4164 8378 -83 -14
4165 5228 56 79
4166 5509 -56 -37
4167 463 94 31
4168 9266 -11 -6
4169 4034 94 63
4170 9954 -64 -21
4171 1574 36 35
4172 448 -61 -30
4173 1191 20 95
4174 7547 -23 -79
4175 336 37 81
4176 7137 -96 -15
4177 6058 97 27
4178 9216 -45 -47
4179 8397 92 81
4180 5140 -20 -67
4181 1743 64 4
4182 7405 -59 -35
4183 8942 37 39
4184 692 -18 -97
4185 8155 88 53
4186 5328 -38 -96
4187 7035 17 54
4188 3288 -70 -32
4189 2037 69 86
4190 9400 -5 -84
4191 3852 19 16
4192 3155 -37 -31
4193 4116 60 8
4194 3369 -32 -20
4195 3085 92 31
4196 4426 -23 -34
4197 1180 4 18
4198 7541 -45 -19
4199 6286 86 44
4200 6319 -27 -72
4201 2973 27 15
4202 8641 -41 -19
4203 6535 93 90
4204 9896 -49 -78
4205 2292 26 13
4206 6492 -87 -50
4207 3298 60 76
4208 8078 -90 -62
4209 4847 95 0
4210 8869 -47 -80
4211 3770 64 82
4212 5782 -55 -93
4213 1132 27 24
4214 5894 -23 -66
4215 4819 34 63
4216 7700 -43 -52
4217 4015 38 71
4218 883 -31 -52
4219 2744 26 78
4220 8786 -4 -55
4221 7860 24 30
4222 8301 -87 -36
4223 4971 43 19
4224 5567 -42 -28
4225 4582 39 34
4226 659 -74 -92
4227 2003 86 96
4228 1384 -77 -30
4229 8839 86 28
4230 9272 -70 -86
4231 9837 82 1
4232 5560 -27 -5
4233 7010 10 69
4234 4001 -80 -85
4235 7709 78 26
4236 1095 -9 -12
4237 6324 83 12
4238 580 -70 -78
4239 3130 14 64
4240 9117 -25 -28
4241 4415 22 58
4242 7140 -61 -6
4243 1443 88 56
4244 4895 -37 -54
4245 5723 62 71
4246 2835 -23 -8
4247 2183 18 83
4248 7097 -49 -89
4249 9949 92 86
4250 5133 -44 -43
4251 9346 61 72
4252 3507 -44 0
4253 7303 58 30
4254 9478 -92 -37
4255 9696 64 65
4256 7050 -96 -34
4257 1325 66 71
4258 1106 -31 -62
4259 2127 67 91
4260 6632 -94 -11
4261 6677 65 80
4262 2827 -62 -75
4263 6883 74 29
4264 6111 -56 -88
4265 342 94 2
4266 7933 -73 -1
4267 4517 32 88
4268 1812 -99 -65
4269 8667 49 24
4270 6925 -61 -59
4271 9896 95 82
4272 7956 -73 -98
4273 9568 89 14
4274 668 -98 -24
4275 1743 15 45
4276 6602 -47 -8
4277 9705 55 59
4278 6781 -48 -22
4279 1670 92 43
4280 6351 -98 -91
4281 5128 94 45
4282 7356 -99 -95
4283 8224 82 15
4284 5248 -66 -83
4285 7089 17 0
4286 5068 -94 -80
4287 1534 44 61
4288 1475 -47 -40
4289 5696 65 71
4290 31 -78 -78
4291 28 88 33
4292 4957 -48 -27
4293 9493 63 56
4294 929 -61 -10
4295 7722 4 0
4296 8183 -51 -76
4297 1139 27 58
4298 6900 -8 -19
4299 3594 44 50
4300 3180 -31 -62
4301 1752 45 55
4302 2869 -40 -12
4303 7352 71 24
4304 2536 -39 -4
4305 8154 92 78
4306 2702 -1 -87
4307 5114 8 59
4308 4054 -20 -4
4309 5695 75 16
4310 8898 -94 -9
4311 3350 88 25
4312 4069 -4 -33
4313 6227 90 97
4314 3307 -88 -59
4315 4013 71 89
4316 9510 -26 -16
4317 4560 90 55
4318 8215 -55 -4
4319 6704 90 35
4320 7855 -85 -16
4321 8011 33 94
4322 2427 -67 -68
4323 7239 89 89
4324 3546 -33 -66
4325 5629 50 11
4326 8602 -17 -27
4327 9645 17 91
4328 5616 -47 -36
4329 4628 23 56
4330 8777 -43 -35
4331 2632 70 67
4332 4625 -80 -17
4333 6425 96 9
4334 307 -75 -51
4335 6056 0 13
4336 8525 -91 -14
4337 244 99 64
4338 5565 -1 -90
4339 6574 97 63
4340 5615 -88 -99
4341 4874 75 51
4342 83 -72 -94
4343 1862 5 21
4344 8930 -36 -40
4345 1935 70 63
4346 8630 -69 -11
4347 5065 79 71
4348 4634 -74 -47
4349 8656 85 57
4350 9200 -73 -56
4351 6220 77 86
4352 5800 -84 -83
4353 7629 11 46
4354 2310 -21 -20
4355 7730 37 38
4356 7835 -92 -30
4357 7055 55 61
4358 199 -28 -7
4359 874 6 36
4360 1944 -10 -52
4361 7661 66 27
4362 7993 -66 -49
4363 8098 22 22
4364 1397 -47 -31
4365 4903 46 85
4366 5577 -35 -53
4367 4181 87 52
4368 8288 -47 -66
4369 9429 63 66
4370 7639 -29 -45
4371 4251 5 55
4372 6378 -41 -74
4373 1812 56 78
4374 4833 -35 -55
4375 5124 0 24
4376 398 -72 -17
4377 1333 43 77
4378 4267 -88 -30
4379 951 53 74
4380 9591 -34 -19
4381 7108 26 30
4382 3012 -97 -25
4383 2527 45 53
4384 3572 -33 -97
4385 4698 34 94
4386 5691 -13 -5
4387 4822 14 86
4388 8007 -81 -7
4389 2331 3 32
4390 6187 -2 -83
4391 1885 71 65
4392 3128 -64 -84
4393 7314 39 1
4394 335 -70 -79
4395 4641 75 9
4396 861 0 -19
4397 3740 70 24
4398 1875 -72 -33
4399 5503 91 27
4400 67 -4 -61
4401 8030 61 65
4402 4151 -22 -11
4403 4044 67 92
4404 2333 -75 -78
4405 4001 50 19
4406 8881 -56 -89
4407 6649 53 50
4408 5165 -85 -10
4409 1911 55 46
4410 5397 -9 -81
4411 1370 17 46
4412 6990 -10 -70
4413 3105 52 91
4414 7164 -98 -98
4415 7971 55 10
4416 6937 -44 -57
4417 4734 78 25
4418 4893 -11 -48
4419 7112 32 13
4420 8929 -73 -74
4421 8921 33 42
4422 444 -85 -96
4423 1378 9 25
4424 1504 -39 -73
4425 6584 60 70
4426 6835 -58 -84
4427 6890 18 79
4428 9226 -68 -93
4429 1668 88 8
4430 4887 -38 -91
4431 323 49 55
4432 5377 -87 -46
4433 6011 84 49
4434 6866 -62 -33
4435 1978 65 83
4436 9628 -67 -67
4437 6881 81 91
4438 4882 -89 -12
4439 9529 73 18
4440 447 -39 -34
4441 6100 96 86
4442 8991 -60 -5
4443 1323 26 10
4444 723 -32 -10
4445 7638 44 43
4446 5743 -99 -1
4447 1776 73 27
4448 7316 -30 -98
4449 6028 58 33
4450 4400 -36 -15
4451 9273 65 24
4452 4280 -73 -20
4453 5533 2 38
4454 7411 -35 -21
4455 7689 97 69
4456 8371 -77 -2
4457 733 32 22
4458 4315 -31 -51
4459 7472 89 23
4460 3852 -79 -66
4461 9992 21 25
4462 1865 -36 -68
4463 414 57 26
4464 6857 -14 -28
4465 8580 77 75
4466 1596 -77 -3
4467 7248 98 56
4468 5482 -89 -63
4469 3833 64 36
4470 8343 -44 -20
4471 8444 38 95
4472 3908 -75 -66
4473 3077 19 94
4474 5243 -27 -18
4475 7945 73 92
4476 9631 -31 -95
4477 3122 12 96
4478 8372 -5 -25
4479 7962 81 35
4480 7918 -60 -59
4481 5502 48 6
4482 1337 -24 -2
4483 407 13 74
4484 6575 -64 -40
4485 6510 1 91
4486 2104 -43 -39
4487 4807 8 73
4488 730 -37 -13
4489 4562 38 35
4490 2359 -63 -66
4491 284 1 64
4492 8897 -79 -70
4493 8064 18 39
4494 6595 -44 -70
4495 3516 38 15
4496 337 -19 -79
4497 4634 71 14
4498 1085 -68 -53
4499 69 67 37
4500 4720 -26 -80
4501 2209 72 53
4502 9451 -60 -48
4503 6327 20 7
4504 1118 -50 -70
4505 9276 24 92
4506 7009 -42 -70
4507 6182 95 24
4508 2784 -98 -17
4509 3263 99 48
4510 9723 -80 -72
4511 6798 77 99
4512 1347 -8 -22
4513 2090 80 25
4514 1843 -80 -6
4515 6041 56 33
4516 3787 -20 -5
4517 2032 60 24
4518 2376 -58 -12
4519 7768 73 37
4520 3499 -75 -1
4521 7939 61 8
4522 2184 -99 -24
4523 5917 91 40
4524 2100 -12 -72
4525 6950 96 92
4526 4773 -14 -22
4527 4926 32 75
4528 3419 -20 -32
4529 6044 64 26
4530 9059 -58 -15
4531 4517 92 51
4532 2902 -58 -86
4533 7736 67 31
4534 3339 -97 -89
4535 2215 93 9
4536 4722 -80 -26
4537 7059 62 96
4538 3200 -31 -31
4539 8545 4 30
4540 6822 -97 -73
4541 5666 87 19
4542 7189 -4 -58
4543 3182 27 1
4544 6315 -82 -17
4545 8365 66 58
4546 5045 -73 -14
4547 7776 95 70
4548 9960 -87 -23
4549 7132 45 69
4550 9092 -35 -55
4551 2930 4 32
4552 6667 -89 -35
4553 6332 34 34
4554 8769 -9 -48
4555 7955 13 77
4556 5210 -72 -8
4557 1450 17 77
4558 3745 -94 -53
4559 3696 86 3
4560 4259 -65 -84
4561 9518 88 51
4562 8371 -5 -9
4563 4889 26 80
4564 8158 -24 -62
4565 6782 26 15
4566 5268 -54 -51
4567 9335 74 24
4568 4684 -95 -77
4569 1120 65 97
4570 232 -85 -47
4571 2240 48 20
4572 499 -23 -35
4573 8783 51 15
4574 5105 -52 -40
4575 315 42 7
4576 1557 -75 -6
4577 9189 1 37
4578 8086 -56 -30
4579 6320 19 27
4580 2361 -24 -65
4581 9023 14 87
4582 5154 -49 -38
4583 733 29 24
4584 1316 -30 -85
4585 8211 82 4
4586 2701 -66 -37
4587 8272 72 96
4588 1821 -9 -2
4589 7190 21 68
4590 2315 -24 -48
4591 6072 23 10
4592 4296 -55 -46
4593 6798 67 72
4594 1275 -44 -65
4595 174 42 61
4596 9071 -65 -83
4597 4144 25 43
4598 8520 -11 -34
4599 595 30 66
4600 9048 -87 -23
4601 7323 89 29
4602 8252 -16 -77
4603 9308 75 13
4604 1465 -64 -35
4605 8201 71 4
4606 286 -54 -63
4607 9919 52 95
4608 1882 -74 -96
4609 4736 52 6
4610 8543 -79 -14
4611 1252 60 34
4612 8196 -41 -21
4613 2459 16 61
4614 1504 -21 -39
4615 8472 62 23
4616 5592 0 -12
4617 8577 57 96
4618 4750 -71 -83
4619 430 8 50
4620 6492 -39 -57
4621 5608 37 60
4622 9666 -45 -23
4623 2537 73 3
4624 2404 -99 -6
4625 8002 25 18
4626 4883 -18 -3
4627 8069 13 2
4628 8809 -3 -31
4629 7428 42 49
4630 657 -29 -18
4631 6836 87 31
4632 9663 -77 -22
4633 7169 24 14
4634 6996 -62 -3
4635 183 40 91
4636 5763 -84 -74
4637 8639 58 25
4638 3601 -85 -70
4639 3524 99 98
4640 1233 -44 -66
4641 1591 20 89
4642 8833 -42 -81
4643 4339 11 72
4644 6837 -5 -42
4645 2947 85 26
4646 98 -39 -30
4647 8017 70 42
4648 2792 -61 -57
4649 575 23 94
4650 7274 -50 -69
4651 289 77 32
4652 284 -37 -5
4653 325 69 16
4654 5430 -33 -26
4655 4627 67 60
4656 7337 -63 -84
4657 8703 30 1
4658 9532 -44 -69
4659 5314 60 8
4660 6538 -70 -10
4661 108 41 51
4662 7781 -21 -62
4663 2137 30 85
4664 709 -2 -2
4665 6628 1 30
4666 2438 -55 -81
4667 6442 13 79
4668 1726 -7 -15
4669 8799 84 73
4670 6128 -98 -79
4671 7054 81 32
4672 7755 -84 -72
4673 503 15 9
4674 5002 -34 -58
4675 3305 46 42
4676 5150 -46 -41
4677 892 29 82
4678 6324 -42 -3
4679 7523 38 29
4680 1193 -15 -15
4681 5115 3 77
4682 13 -84 -46
4683 3958 11 0
4684 5943 -78 -24
4685 8040 42 58
4686 972 -4 -66
4687 6683 11 64
4688 1388 -81 -39
4689 8361 69 58
4690 6728 -1 -49
4691 5374 88 67
4692 3616 -31 -5
4693 6432 42 97
4694 9825 -41 -3
4695 4756 95 40
4696 2205 -69 -87
4697 3740 82 97
4698 7701 -12 -45
4699 298 77 27
4700 6155 -68 -84
4701 61 52 62
4702 1264 -56 -7
4703 8592 78 29
4704 3673 -90 -44
4705 9330 39 89
4706 3331 -68 -16
4707 5754 77 34
4708 411 -66 -64
4709 8279 4 52
4710 8225 -24 -40
4711 35 83 14
4712 7217 0 -69
4713 4163 25 24
4714 7984 -37 -77
4715 5988 74 18
4716 8279 -4 -78
4717 8925 39 84
4718 9969 -5 -8
4719 9288 82 14
4720 721 -54 -71
4721 7463 51 11
4722 2498 -83 -45
4723 1283 33 67
4724 8170 -61 -67
4725 7720 36 87
4726 5144 -36 -68
4727 3103 64 90
4728 6981 -50 -74
4729 2867 67 61
4730 99 -6 -27
4731 7760 27 83
4732 1069 -46 -23
4733 9358 94 19
4734 5282 -91 -92
4735 4890 76 31
4736 4149 -6 -26
4737 4645 64 82
4738 5705 -29 -1
4739 4607 33 13
4740 6695 -68 -43
4741 3937 8 80
4742 7895 -34 -90
4743 5978 31 54
4744 774 -64 -2
4745 4675 47 32
4746 6318 -6 -60
4747 9709 58 67
4748 7748 -54 -15
4749 6699 73 67
4750 6961 -71 -75
4751 1322 33 91
4752 3195 -45 -35
4753 2130 48 98
4754 5979 -71 -36
4755 941 93 71
4756 2565 -12 -42
4757 9639 60 61
4758 3664 0 -12
4759 5050 42 6
4760 5566 -57 -99
4761 1014 78 39
4762 6797 -50 -85
4763 9930 87 10
4764 7060 -27 -3
4765 9012 43 85
4766 1616 -30 -62
4767 1273 68 69
4768 4922 -69 -75
4769 8439 61 97
4770 5753 -6 -67
4771 2501 82 15
4772 3150 -41 -6
4773 5098 86 13
4774 6635 -75 -85
4775 4811 54 19
4776 9176 -70 -73
4777 2658 62 33
4778 4850 -47 -65
4779 8012 78 21
4780 3413 -14 -57
4781 9054 51 93
4782 9304 -21 -99
4783 5741 87 85
4784 4103 -12 -65
4785 8804 74 77
4786 5192 -31 -95
4787 7149 84 70
4788 7417 -94 -68
4789 6844 61 64
4790 7264 -28 -7
4791 3210 60 81
4792 1672 -14 -33
4793 5723 81 77
4794 2439 -60 -30
4795 4088 63 92
4796 1200 -56 -98
4797 1078 52 30
4798 1675 -62 -9
4799 7868 0 13
4800 6863 -45 -68
4801 6295 90 36
4802 2305 -90 -34
4803 6710 45 40
4804 8295 -27 -57
4805 5296 32 26
4806 9644 -39 -54
4807 8342 39 27
4808 6294 -1 -36
4809 8855 65 78
4810 7219 -7 -2
4811 9718 88 96
4812 4202 -83 -74
4813 6299 72 80
4814 9248 -11 -31
4815 9611 37 65
4816 5915 -63 -41
4817 9555 20 65
4818 9236 -38 -30
4819 7897 6 68
4820 2865 -83 -20
4821 821 5 20
4822 3496 -96 -7
4823 6899 90 15
4824 8410 -4 -95
4825 5654 47 19
4826 2656 -58 -17
4827 5126 44 98
4828 3100 -43 -92
4829 2676 16 17
4830 8397 -2 -32
4831 4080 96 62
4832 3287 -93 -83
4833 4590 71 46
4834 4156 -57 -37
4835 7556 52 85
4836 7059 -63 -31
4837 3520 58 87
4838 9456 -5 -69
4839 4008 42 53
4840 2895 -63 -35
4841 2424 13 28
4842 7644 -63 -43
4843 2856 16 83
4844 5888 -40 -8
4845 9090 81 97
4846 4672 -90 -55
4847 9589 46 92
4848 368 -30 -5
4849 3275 49 13
4850 1819 -78 -57
4851 34 62 71
4852 5593 -81 -13
4853 2246 68 11
4854 8267 -89 -40
4855 5581 70 31
4856 3121 -56 -19
4857 1291 21 33
4858 922 -70 -72
4859 8608 87 70
4860 503 -27 -3
4861 6945 95 73
4862 6841 -24 -57
4863 6662 33 23
4864 165 -7 -62
4865 6015 1 35
4866 4274 -75 -4
4867 9807 2 9
4868 5350 -65 -70
4869 4030 43 70
4870 6605 -44 -84
4871 4480 19 16
4872 1371 -28 -32
4873 8086 57 22
4874 5568 0 -92
4875 5565 34 86
4876 1691 -22 -22
4877 264 61 39
4878 2746 -97 -71
4879 920 76 52
4880 6527 -7 -26
4881 1071 85 19
4882 7634 0 -36
4883 8395 49 11
4884 3277 -43 -88
4885 8048 15 96
4886 7334 -60 -59
4887 4422 7 57
4888 7857 -13 -48
4889 5748 71 92
4890 4876 -41 -72
4891 4205 44 22
4892 8071 -28 -22
4893 2728 64 3
4894 2968 -51 -10
4895 518 80 15
4896 7246 -4 -73
4897 7985 0 38
4898 2805 -19 -57
4899 7424 52 2
4900 6793 -70 -34
4901 4466 17 82
4902 3072 -32 -15
4903 6390 9 65
4904 4995 -74 -21
4905 9734 11 99
4906 5601 -53 -95
4907 7029 76 74
4908 4489 -9 -47
4909 9139 6 69
4910 8358 -23 -99
4911 2514 84 24
4912 3080 -42 -43
4913 800 25 65
4914 666 -13 -93
4915 8019 32 25
4916 7227 -45 -87
4917 3155 97 3
4918 7058 -84 -37
4919 9257 93 86
4920 8195 -59 -35
4921 5886 93 69
4922 8014 -74 -64
4923 4288 30 24
4924 2734 -1 -16
4925 4257 97 53
4926 5391 -38 -71
4927 3996 11 67
4928 2463 -15 -62
4929 883 31 78
4930 100 -73 -59
4931 5448 20 13
4932 2612 -97 -22
4933 1844 52 77
4934 8102 -45 -99
4935 3667 95 11
4936 8227 -54 -24
4937 8355 4 29
4938 4692 -8 0
4939 6741 46 72
4940 7945 -71 -89
4941 3364 82 85
4942 683 -87 -71
4943 8833 39 32
4944 1352 -38 -34
4945 9757 90 75
4946 3486 -90 -86
4947 3302 87 85
4948 7429 -4 -42
4949 5274 18 31
4950 3791 -6 -49
4951 5617 51 7
4952 2296 -86 -6
4953 4701 92 5
4954 2752 -81 -97
4955 5676 97 96
4956 672 -65 -56
4957 3994 13 3
4958 4600 -82 -35
4959 7948 26 56
4960 4798 -85 -20
4961 4864 72 76
4962 9441 -52 -19
4963 9267 63 3
4964 1636 -91 -39
4965 5395 88 46
4966 773 -7 -53
4967 9507 77 63
4968 850 -45 -61
4969 6303 45 61
4970 5915 -44 -29
4971 2203 22 40
4972 4347 -81 -8
4973 7889 55 6
4974 3272 -73 -21
4975 9858 69 38
4976 2544 -38 -4
4977 1817 92 30
4978 9326 -53 -90
4979 1722 25 37
4980 3828 -38 -59
4981 6987 76 96
4982 8953 -91 -6
4983 8305 50 53
4984 3274 -91 -31
4985 4284 66 88
4986 6447 -24 -84
4987 3441 76 82
4988 5878 -58 -33
4989 9919 22 28
4990 5015 -8 -20
4991 4795 44 70
4992 3568 -22 -39
4993 8224 15 73
4994 854 -47 -29
4995 9461 69 49
4996 7495 -99 -62
4997 8072 80 68
4998 2494 -36 -36
4999 2372 37 49
5000 1106 -41 -37
