1 2575 9739 6116
2 4507 6543 2096
3 6695 9601 2142
4 9418 7736 6999
5 759 7065 7583
6 2618 8343 1524
7 4473 257 9810
8 3501 5758 7309
9 9760 2708 542
10 2680 776 1110
11 6071 7557 8453
12 9292 7263 5091
13 2633 7377 1968
14 2883 7194 640
15 6424 686 9829
16 7910 1185 3826
17 8445 8074 3961
18 4836 8184 3323
19 4829 9377 5316
20 8077 3140 3197
21 5372 9573 8936
22 2701 8032 171
23 6175 5841 7203
24 6910 1407 4731
25 5087 4610 7888
26 5039 1457 1014
27 2646 7228 9240
28 1091 814 8829
29 1402 7636 2129
30 2388 184 5405
31 9870 2671 4162
32 6601 317 1902
33 7109 4600 6134
34 1561 8181 5995
35 1037 2974 4733
36 2226 1951 8936
37 6742 1755 317
38 1214 9543 4671
39 4712 6419 4846
40 9821 3148 9917
41 4806 8331 6297
42 5475 443 7513
43 936 608 3730
44 1175 2199 6000
45 6399 6838 6891
46 3011 2498 2177
47 6857 1270 6611
48 7775 1488 1131
49 6302 3706 4681
50 9884 1601 6567
51 3539 3913 599
52 2748 5678 9516
53 2414 2169 6834
54 4995 3614 693
55 2852 2151 8397
56 7065 5915 9665
57 261 4590 8918
58 3899 4675 3288
59 5297 1772 5918
60 9367 1641 1344
61 5649 1040 198
62 4783 7086 3078
63 3927 9787 5089
64 7855 7335 1265
65 2625 6664 4346
66 6390 8101 5788
67 3471 6759 3918
68 4170 5576 1912
69 8571 422 1831
70 1833 163 3748
71 7632 6395 302
72 7956 1235 1604
73 6177 1515 7771
74 6043 1331 5231
75 4224 5171 9973
76 8350 7673 3176
77 2633 8238 6584
78 3996 6083 6244
79 11 5480 1801
80 4494 7443 9192
81 6652 8235 4731
82 1612 6804 9384
83 2921 1956 9537
84 7793 9530 4776
85 8143 94 469
86 3443 2496 1734
87 2523 5127 7939
88 6785 2871 2569
89 6071 7273 9740
90 3453 6660 7436
91 6931 5673 7736
92 7848 7325 3855
93 7231 2181 5476
94 6759 9197 6882
95 2793 7709 4163
96 2063 642 2483
97 2849 6780 7862
98 9766 1850 9201
99 5907 8842 4910
100 4089 7716 3544
101 718 2104 8826
102 4898 6315 2945
103 6811 649 2748
104 5622 3661 9051
105 2659 8341 4622
106 4572 9512 2791
107 3555 3620 4121
108 5846 3528 2184
109 6889 5079 4674
110 6726 2568 643
111 754 907 5722
112 8851 3536 5420
113 8741 8774 4251
114 2415 9413 2546
115 8249 6806 1074
116 8174 3579 3494
117 2468 4117 598
118 895 541 1054
119 4070 3957 4795
120 5836 7461 3027
121 786 2635 1980
122 2569 5259 3065
123 5913 2914 8176
124 6547 5410 7212
125 8302 6207 242
126 3222 5844 2705
127 1038 4070 2464
128 2036 8985 8180
129 8440 9429 1558
130 324 3589 6212
131 2448 6602 8330
132 4069 6096 9207
133 9134 155 2611
134 600 5800 1570
135 166 8532 4940
136 841 4176 3026
137 2766 4330 9384
138 6694 8933 3793
139 1860 9556 2915
140 8209 6714 4569
141 5738 504 7790
142 7161 2925 4367
143 8233 8195 2127
144 1762 3632 8135
145 9899 128 6706
146 7159 7028 1126
147 5130 3306 5325
148 1432 5115 3604
149 647 9561 23
150 8786 731 7394
151 5676 286 7154
152 7997 747 4408
153 3822 8957 2142
154 441 6002 6052
155 3332 1345 1540
156 6600 9474 9383
157 4283 3376 2437
158 3978 3945 8478
159 4916 130 5506
160 4195 50 1464
161 1440 8534 4706
162 2825 9117 4906
163 1589 4307 7513
164 6713 2629 6848
165 5541 6132 9937
166 4956 8196 420
167 9255 4200 4735
168 6482 5426 7277
169 9917 1140 4502
170 7290 3488 1063
171 7341 1323 4554
172 7104 8194 8004
173 6031 534 4535
174 2473 743 3438
175 412 8048 956
176 451 5152 9993
177 9451 4400 3544
178 7685 8741 357
179 8244 9699 8656
180 2250 3288 7835
181 3593 7616 763
182 144 4956 1871
183 4736 6378 1964
184 4764 9157 3961
185 9220 2513 174
186 5463 9759 2870
187 9031 5484 8665
188 6098 8958 3774
189 583 2573 4225
190 2627 1700 9620
191 1011 5123 9618
192 5739 1945 4084
193 5688 4681 143
194 4514 8336 3786
195 4440 4756 8547
196 1198 5989 6531
197 3142 4111 6208
198 1681 9367 8360
199 6424 5069 9896
200 7886 7137 9887
201 7610 3194 8274
202 7946 7864 8790
203 9240 4044 8340
204 5034 3161 8426
205 6788 6130 5822
206 4735 9553 6190
207 1946 3155 1196
208 8506 4371 1162
209 5100 5073 5564
210 9382 3095 269
211 7346 7428 3513
212 4010 6365 9864
213 1123 4034 3684
214 2300 1002 8283
215 6265 1681 7658
216 8540 223 8242
217 7802 840 3159
218 8366 9584 7403
219 8438 4539 1830
220 5866 1476 2176
221 404 5056 8221
222 3521 9068 3481
223 1629 3958 6437
224 16 3819 1548
225 5633 2762 6480
226 932 6729 2573
227 1862 7946 4627
228 8572 3380 8099
229 6612 7861 9283
230 8887 8701 2039
231 1737 2933 384
232 226 366 4926
233 2876 3815 3959
234 6125 6458 9126
235 9557 1261 8633
236 5255 3187 7338
237 4433 6283 9794
238 7468 1805 8643
239 5218 6245 4271
240 5109 9675 2505
241 2692 4355 6410
242 6534 6422 5917
243 5398 5603 2450
244 2658 6592 194
245 1785 1883 8546
246 176 7509 8048
247 6783 5949 249
248 6639 542 6296
249 1409 814 4474
250 7108 9880 5747
251 2972 8315 775
252 9425 3107 10
253 685 7472 5535
254 3013 4924 7112
255 9844 4802 2440
256 2829 3535 5726
257 7016 4171 3195
258 5484 6207 8789
259 3604 1444 3859
260 492 628 9392
261 2287 7469 4439
262 673 5264 1217
263 9294 6331 796
264 4929 4888 773
265 5285 7185 8005
266 8519 7466 4129
267 3997 2866 7416
268 8983 9876 7489
269 2729 6209 3777
270 6641 3507 6883
271 8846 8590 9552
272 5940 9719 9773
273 3563 9749 3147
274 9288 6910 8024
275 4677 7467 7115
276 8839 1841 9173
277 2612 1158 2788
278 270 3685 1431
279 3597 8806 9101
280 6631 2842 8888
281 1951 3592 73
282 8238 5782 773
283 4856 4603 9074
284 409 7986 7382
285 404 5057 2335
286 7257 3239 7839
287 9079 2237 7488
288 9302 7467 2009
289 9995 3735 3030
290 1241 1240 8682
291 1928 4764 2183
292 5563 3180 6617
293 9778 9374 6771
294 8854 4798 4115
295 140 5359 5661
296 803 9175 585
297 4014 606 1724
298 1388 3567 9898
299 3759 9982 8229
300 233 7968 1858
301 9941 5981 7047
302 2119 861 9545
303 6716 8356 4481
304 7920 9831 5556
305 7492 6234 2379
306 9158 379 1531
307 1370 6299 7817
308 8165 6152 7280
309 6640 637 914
310 5741 826 1570
311 5330 3268 2551
312 4584 5156 3351
313 3194 607 1976
314 6118 7221 7772
315 1735 2090 6556
316 507 2514 3023
317 9826 1287 6311
318 4096 7135 8640
319 1995 4008 2051
320 4168 6975 252
321 1490 4278 7364
322 4335 6306 7870
323 9000 2971 6613
324 593 3693 3390
325 4927 9730 9209
326 5788 9706 1477
327 730 3061 2454
328 1995 3294 4537
329 6446 7677 5116
330 6516 1664 9833
331 3785 9524 8927
332 6952 7742 3141
333 5643 4116 6383
334 516 2166 9587
335 555 7876 2659
336 2043 3696 9631
337 1045 5919 5681
338 3045 4254 575
339 5601 5866 3661
340 3815 5823 1529
341 8378 4201 1388
342 5501 6044 3188
343 2145 3480 1841
344 9825 9174 568
345 6442 4196 1081
346 21 694 6842
347 3525 6698 9466
348 26 7380 5471
349 3347 6528 1460
350 9693 2464 4495
351 9132 3998 8434
352 275 8298 1575
353 5379 2141 7514
354 117 3147 9384
355 9806 9409 3791
356 1354 7438 7872
357 9379 4512 592
358 5400 5434 5851
359 4221 1414 7693
360 3174 4081 1452
361 5517 275 3678
362 4917 2580 8999
363 2958 3388 8690
364 7561 9344 3879
365 5975 6109 4329
366 3609 1124 2658
367 4265 4078 1249
368 4346 7770 2916
369 2789 9590 9130
370 3787 444 6783
371 7393 9567 336
372 2732 6870 4231
373 7092 1607 5844
374 5547 9423 4339
375 158 3241 385
376 8962 4379 23
377 3042 73 6814
378 7094 5923 217
379 4518 4694 4638
380 550 1125 142
381 6241 806 417
382 1757 7982 9320
383 7608 5249 5069
384 6964 4284 3500
385 4091 1524 2817
386 9920 5630 3278
387 3076 8262 8510
388 3979 6948 1673
389 7460 4346 1084
390 4525 9691 2480
391 1073 5718 9305
392 4173 52 9716
393 7516 5988 1544
394 3438 8625 9186
395 750 9033 7899
396 581 9585 4737
397 1668 1553 2953
398 3735 702 5152
399 2360 896 8620
400 3163 5208 1391
401 2004 6236 8569
402 1531 7477 5683
403 4585 9515 684
404 8949 7274 4215
405 6710 464 5802
406 6111 3267 7063
407 7281 7918 267
408 2816 2411 8545
409 6365 7307 5676
410 9756 5524 1794
411 8686 5179 2126
412 6295 8796 2015
413 4619 5132 4524
414 3514 1378 5006
415 6862 8925 1912
416 2651 7833 8600
417 2389 1829 7975
418 5636 4788 2005
419 6031 155 8170
420 6435 1387 5440
421 4299 1430 8907
422 711 6032 8326
423 6120 781 6877
424 1243 2587 9500
425 4661 9266 2648
426 2834 3333 5178
427 5802 5467 7966
428 4031 9411 7751
429 2640 9346 4876
430 3230 3888 8514
431 7277 4407 9117
432 4733 3123 1416
433 7193 3883 9695
434 274 8595 1041
435 9731 6356 4257
436 3587 2218 1684
437 9398 2713 1997
438 7531 9096 1836
439 5891 7833 7215
440 3492 7810 4229
441 4094 8265 349
442 1249 7281 6842
443 9252 1622 5327
444 6778 7360 8861
445 1529 4183 152
446 9010 2693 6655
447 2996 8214 4175
448 586 6211 4391
449 597 8194 6499
450 2334 6852 5944
451 9336 1254 6579
452 106 9478 3951
453 1962 3598 4419
454 4144 822 4990
455 5606 651 4059
456 4658 8738 4163
457 5652 7754 5028
458 8608 3291 1654
459 2325 7815 9452
460 3812 9855 3038
461 4554 5842 731
462 2843 7000 3344
463 9708 2982 2488
464 1060 8373 5805
465 382 8043 419
466 8660 2693 6561
467 520 1947 8666
468 4602 6746 3673
469 8633 1341 6423
470 6648 983 4219
471 5511 2413 1401
472 4647 1364 2142
473 5543 2621 7300
474 3335 4182 9693
475 9527 1242 9100
476 7523 2802 9858
477 169 8240 2212
478 2148 9952 4136
479 8781 6964 6137
480 2833 9467 4726
481 9814 8675 7052
482 3596 6670 1819
483 8135 7877 8521
484 468 6561 535
485 4097 4447 8092
486 1903 7276 5117
487 4041 8160 8930
488 9471 914 9219
489 3348 8407 2731
490 6207 5919 2195
491 2691 4657 2547
492 6223 4950 9239
493 1279 7975 6154
494 660 5088 3864
495 773 9460 3409
496 5660 1737 9275
497 1541 2818 8445
498 9416 2651 5262
499 4226 9784 7774
500 7403 5059 851
501 6460 8433 6434
502 3852 1676 4918
503 8053 3224 7763
504 655 7014 5039
505 7450 712 5853
506 5052 6928 1953
507 7606 1794 9230
508 4566 3470 1316
509 7689 9324 401
510 5935 1671 1148
511 3244 2191 7553
512 7895 8399 4658
513 8806 4637 6050
514 1154 7917 8957
515 813 5074 8163
516 2015 1024 7315
517 8574 1434 6429
518 7773 9913 2613
519 4066 853 7687
520 8219 627 5707
521 7304 6397 684
522 5173 3796 3948
523 4605 5047 3561
524 8619 90 7540
525 3291 606 1757
526 2351 2329 4982
527 4508 4851 1305
528 2001 5223 7090
529 9866 8769 1284
530 614 178 191
531 2543 1261 9801
532 8947 3986 8974
533 1750 3290 8793
534 2451 8576 358
535 5847 4337 2211
536 3374 7975 3263
537 8494 9532 4186
538 1768 9344 2181
539 2178 4164 2261
540 8276 6008 9228
541 5376 6260 4199
542 1551 6559 9494
543 8702 7076 7653
544 8790 4546 9492
545 6681 6398 8065
546 520 8598 3223
547 8487 7758 6587
548 883 9493 8832
549 573 8878 5044
550 5337 8096 175
551 4677 676 1129
552 1819 9797 8468
553 3693 6128 576
554 7710 3247 2982
555 1470 9945 4318
556 8933 9574 1542
557 9372 5582 38
558 7527 103 6668
559 1401 8425 2456
560 6676 1503 4051
561 309 4322 8230
562 3433 1514 4395
563 2123 8444 3743
564 5355 7997 1348
565 2288 6209 5352
566 6484 941 4796
567 8413 2140 1758
568 4145 6635 6421
569 580 4039 6103
570 9276 3078 6651
571 7689 2958 1639
572 7916 9459 8959
573 3380 9582 4508
574 3849 7715 2865
575 902 5766 6482
576 7297 3386 1738
577 6220 2229 7524
578 3329 5768 4595
579 4848 8106 2131
580 3436 8083 9733
581 5603 5860 3161
582 3008 6210 9510
583 6845 9569 3260
584 5266 8737 2651
585 3293 5007 7343
586 828 8569 7444
587 8586 7081 175
588 4519 8940 9546
589 5283 9462 905
590 8408 4869 9641
591 3783 4470 3492
592 7603 9743 6889
593 4746 7954 1801
594 1051 5790 9307
595 6431 2731 6664
596 5385 2326 7535
597 2668 3488 9703
598 3779 3230 7746
599 7005 5251 2079
600 4379 3089 1315
601 3876 9502 1390
602 7122 1389 2481
603 2744 6085 7750
604 4060 1035 2734
605 5733 4226 2923
606 8799 3401 6471
607 5652 3271 6809
608 7264 6766 7494
609 9461 8316 5412
610 1223 7232 8640
611 6072 6162 8837
612 3266 4428 7456
613 4149 7775 2221
614 1095 536 3011
615 9827 8155 1645
616 6748 1147 1550
617 7586 9884 1018
618 8970 7363 6548
619 7528 9804 1316
620 7913 4501 8290
621 1140 3546 9578
622 4005 369 4638
623 8876 891 8723
624 1926 3851 618
625 3451 7454 5858
626 5312 6115 1070
627 9968 5623 5021
628 1071 7609 3249
629 3564 7081 8367
630 6774 2884 8468
631 3904 6076 7294
632 3541 4184 3253
633 7970 7977 1224
634 2934 5591 5401
635 2176 5539 2824
636 2578 1874 3946
637 2986 4926 6984
638 9356 7375 5979
639 6733 3300 594
640 2275 5601 1736
641 9820 5084 1287
642 237 9622 9348
643 9677 5143 5602
644 1675 1192 669
645 1300 4022 8031
646 7805 7295 105
647 2156 8274 3496
648 6333 7055 9547
649 7424 1655 8716
650 7260 520 3709
651 962 9526 3404
652 6429 1235 848
653 2885 6599 632
654 8727 8440 2025
655 363 5901 5601
656 4483 9707 9836
657 2011 6195 9695
658 7719 9735 1181
659 8263 5167 6316
660 1504 4163 2484
661 9553 5582 1841
662 7391 1134 6555
663 6237 7671 9294
664 8357 8493 5969
665 8466 7091 8980
666 1238 118 4932
667 3223 4448 9707
668 6148 1766 2979
669 1429 6949 8345
670 7437 2399 161
671 7379 9926 6440
672 2914 3485 1980
673 7826 1361 4316
674 4353 4346 4715
675 1001 7441 4940
676 2235 7340 2209
677 4411 2166 5885
678 6309 4113 5850
679 7702 7983 8328
680 5119 7458 1207
681 609 1793 3137
682 112 7330 9605
683 2641 3539 9372
684 8930 1086 3583
685 6224 2067 8840
686 9491 1217 4663
687 4292 4978 1461
688 5360 9809 3859
689 5047 6170 3428
690 5123 9128 6287
691 4841 8221 3004
692 9388 5908 2840
693 4893 291 6837
694 4725 8163 5967
695 2325 1748 9179
696 7582 8966 4238
697 807 3500 4287
698 2938 3006 6958
699 2517 6787 2587
700 9185 2893 7893
701 8938 6044 1151
702 2586 4185 8241
703 7559 7591 7857
704 1872 4014 9622
705 8674 7441 2685
706 374 6928 332
707 7289 7303 7218
708 5741 9323 2202
709 8483 2830 9272
710 8803 6761 4943
711 2470 4203 7568
712 1583 8294 6420
713 6202 910 8048
714 5238 255 9293
715 7149 2652 9528
716 159 1912 2748
717 7976 6793 7812
718 2504 1675 9294
719 9092 6699 7270
720 3525 1459 6709
721 4672 4799 6623
722 4545 4324 1958
723 1479 1804 910
724 4598 2151 802
725 9432 4769 13
726 1867 7559 4166
727 6863 8276 6530
728 1057 6430 8888
729 923 8526 4661
730 6220 4966 5383
731 6461 253 3011
732 1171 2003 4850
733 4497 3579 487
734 6136 3468 3663
735 50 4575 6771
736 7837 5028 6962
737 3440 5590 4233
738 9428 9261 1485
739 3367 9061 3248
740 9291 114 7727
741 2338 8307 4324
742 9275 6851 857
743 1080 624 990
744 8608 3314 756
745 2855 9425 2224
746 1403 3397 9149
747 9690 9825 4818
748 1598 5734 5020
749 8017 3074 5043
750 2431 6882 4665
751 3720 8946 4918
752 1909 8496 1386
753 6361 6845 4032
754 8536 8353 7685
755 7682 9751 4698
756 3397 6949 4907
757 8389 9252 8174
758 9627 222 2363
759 7491 7558 3311
760 8467 303 2302
761 3206 9140 7701
762 818 2729 5988
763 1059 9862 7254
764 1078 3393 2864
765 808 8247 9466
766 3083 6762 9601
767 3549 8858 5842
768 2349 8863 5404
769 9799 7569 2933
770 3642 2778 513
771 4137 2620 6021
772 9028 8968 1668
773 2422 9616 7621
774 1013 334 4651
775 3835 9944 6352
776 6398 9422 7557
777 629 5000 42
778 6382 9032 752
779 1411 7716 660
780 5173 6554 6912
781 6175 6991 4931
782 5668 2908 8251
783 5209 5020 2559
784 4864 677 4055
785 4390 7445 6417
786 5273 5102 7227
787 3257 8759 2222
788 8216 8114 3
789 5623 1547 2117
790 502 9757 6489
791 1835 4002 4747
792 1797 2671 712
793 815 8835 7077
794 2738 7193 8149
795 4419 2713 338
796 1651 3382 3492
797 8520 5190 8506
798 8380 7154 3113
799 4211 2836 1645
800 2635 3930 4544
801 6449 9860 1796
802 2663 293 6305
803 176 8319 9200
804 8195 6128 7583
805 2568 3736 5742
806 9650 1207 9389
807 8353 1670 110
808 525 3875 2906
809 2142 7195 9906
810 7557 9702 5153
811 6070 808 435
812 3081 9568 2044
813 5225 7092 6269
814 3710 4116 6046
815 7325 5048 1766
816 4732 3965 9754
817 5961 8905 7760
818 6980 9795 9858
819 6539 3259 9348
820 3230 1935 4463
821 1464 9053 2230
822 8384 1095 1107
823 4453 4916 6222
824 590 3134 12
825 9723 5914 3104
826 5342 9628 6016
827 8976 2314 2554
828 9291 4942 5442
829 1573 9848 5060
830 2137 9975 1949
831 6009 7969 9241
832 8407 1577 4891
833 2248 9198 1210
834 9096 7614 3449
835 738 4209 3538
836 4821 7117 2196
837 2385 5633 6874
838 9535 8267 6581
839 166 6432 6886
840 8369 4373 3240
841 8381 565 4117
842 1991 5352 7436
843 5829 5733 6450
844 3873 1741 3026
845 8278 2791 3719
846 8481 8268 2993
847 7597 152 9419
848 9245 9938 7499
849 8361 2365 9312
850 9842 3391 3919
851 7081 9562 4828
852 5 9873 9261
853 597 6311 5808
854 9814 654 7952
855 1397 4236 6947
856 9224 4019 3099
857 6475 8518 5425
858 6723 6943 1844
859 2931 5934 8060
860 75 1988 5086
861 2516 6139 467
862 4970 6553 1184
863 666 1719 1585
864 5788 9119 4174
865 6636 435 6525
866 9050 5625 3087
867 6139 3458 8139
868 3513 6316 4427
869 4141 2554 3150
870 2901 1688 2552
871 1858 8036 3003
872 9785 6346 8065
873 3196 3882 2301
874 9827 3644 1171
875 4868 7214 1729
876 5698 5136 4942
877 3041 1329 1552
878 4033 5960 4455
879 9348 5872 7498
880 7704 2316 8416
881 3986 9180 5883
882 8984 8531 2480
883 8838 8197 5192
884 4931 9053 7577
885 4257 1167 4403
886 3332 7726 5170
887 3605 8225 8726
888 1729 5589 1536
889 7114 6198 4502
890 1462 9926 5275
891 6819 1586 804
892 3468 8243 8210
893 4255 4856 7677
894 3539 3120 9687
895 6177 3885 9189
896 2060 3811 4977
897 2625 5050 6768
898 2204 7618 2142
899 4678 5996 5148
900 5515 5141 568
901 8327 9434 2027
902 4859 9835 684
903 4845 4906 1981
904 5326 6732 2272
905 9576 638 7930
906 3389 6560 5044
907 4122 7030 4477
908 7311 8561 6777
909 943 5540 9992
910 7714 5369 5316
911 4900 8647 8903
912 7686 1808 2630
913 3919 1082 4702
914 7095 4979 7640
915 8238 151 9868
916 1638 7700 7401
917 4541 9590 6367
918 9923 7576 2319
919 5799 746 6051
920 6574 7321 2032
921 8296 1391 56
922 9453 6498 9792
923 5132 8217 5248
924 3477 5434 6704
925 774 5151 1298
926 9277 429 9791
927 4220 1743 2669
928 8195 846 4665
929 6596 9559 6745
930 1046 307 724
931 6848 6847 8948
932 8445 992 1962
933 7321 5446 6099
934 2297 2283 614
935 9855 4010 3250
936 603 6816 1858
937 3485 6915 8456
938 1810 3649 126
939 3163 1230 3510
940 6198 9775 7254
941 2367 5781 2765
942 1914 226 8341
943 7020 7995 6626
944 8996 9541 2143
945 9515 3950 2517
946 1133 4057 5717
947 126 4867 3770
948 44 2192 2087
949 1469 2298 7434
950 9440 2693 3607
951 4600 6684 9223
952 9451 7647 9440
953 5548 9680 6984
954 5177 2008 2471
955 4207 1735 3362
956 928 3163 3130
957 6240 1149 7042
958 7909 298 5361
959 8518 8718 5796
960 6054 4899 8216
961 4779 8731 5711
962 828 5467 2068
963 2218 655 1493
964 6477 3754 6855
965 941 953 9203
966 8011 2323 3406
967 3832 5934 5016
968 4183 896 1548
969 2382 4328 5486
970 5230 1534 6243
971 3680 8943 9530
972 8096 5260 1286
973 5203 73 5958
974 3160 1811 7008
975 4200 7978 5473
976 3700 4738 8782
977 7156 6007 3194
978 9553 9598 210
979 435 3856 5161
980 7267 3299 2364
981 9765 5604 3511
982 5706 6062 3636
983 4029 4514 7190
984 325 4304 725
985 1570 3634 7248
986 9529 4852 9713
987 9728 2980 636
988 7814 2403 6442
989 8284 9077 9238
990 5605 5617 7182
991 4928 5225 9617
992 767 8023 1935
993 3767 4589 9948
994 9313 6369 3827
995 5332 8047 388
996 5363 2934 9453
997 9582 1176 1844
998 9090 2763 1434
999 9768 1782 9941
1000 4434 2495 7221
1001 936 11 54
1002 1530 -94 -47
1003 5969 61 15
1004 8914 -84 -45
1005 2120 31 28
1006 950 -70 -30
1007 3979 95 75
1008 8071 -6 -37
1009 7390 50 54
1010 2737 -22 -77
1011 8221 22 60
1012 8308 -44 -5
1013 603 85 24
1014 7183 -46 -72
1015 7834 68 44
1016 7276 -20 -85
1017 3535 24 36
1018 7692 -40 -52
1019 8478 49 34
1020 7267 -22 -73
1021 2435 72 25
1022 5423 -15 -40
1023 8886 53 3
1024 5550 -71 -32
1025 6615 33 28
1026 8581 -72 -59
1027 5023 43 88
1028 4814 -51 -59
1029 4049 26 7
1030 7928 -1 -27
1031 9376 84 50
1032 118 -40 -39
1033 45 22 18
1034 1565 -27 -77
1035 100 1 2
1036 6123 -24 -40
1037 3562 33 46
1038 5674 -91 -93
1039 3370 64 15
1040 1808 -4 -83
1041 7509 21 94
1042 262 -76 -61
1043 5781 64 64
1044 7303 -20 -39
1045 8078 79 74
1046 7463 -27 -25
1047 8717 64 48
1048 6116 -19 -43
1049 3255 82 26
1050 6356 -5 -58
1051 9801 78 58
1052 7708 -22 -25
1053 5935 83 4
1054 8727 -34 -58
1055 1357 76 91
1056 4865 -75 -70
1057 8089 91 1
1058 9403 -61 -70
1059 2007 69 97
1060 8731 -96 -90
1061 7642 19 53
1062 4506 -30 -98
1063 5924 75 12
1064 6413 -76 -56
1065 698 27 18
1066 7868 -78 -65
1067 6444 97 39
1068 1958 -12 -8
1069 6772 59 70
1070 653 -52 -12
1071 4239 27 19
1072 5814 -76 -71
1073 3185 23 97
1074 1503 -29 -89
1075 584 90 41
1076 7085 -71 -72
1077 4569 12 33
1078 4873 -45 -72
1079 2737 57 13
1080 642 -27 -3
1081 6753 81 43
1082 7903 -41 -17
1083 266 87 41
1084 16 -15 -80
1085 9955 3 78
1086 1634 -70 -48
1087 7250 72 18
1088 9583 -36 -90
1089 9292 68 45
1090 1103 -19 -46
1091 9545 34 34
1092 2241 -55 -47
1093 4789 17 30
1094 2131 -56 -24
1095 4708 89 15
1096 2311 -10 -70
1097 5887 66 98
1098 1730 -15 -58
1099 172 62 78
1100 7561 -40 -60
1101 3289 70 31
1102 3585 -67 -19
1103 9327 99 23
1104 3894 -4 -36
1105 2473 58 33
1106 1881 -89 -19
1107 5777 14 44
1108 6269 -35 -26
1109 3263 27 75
1110 5475 -51 -26
1111 8109 61 61
1112 5761 -16 -8
1113 8619 24 5
1114 2088 -95 -70
1115 3919 73 67
1116 3623 -70 -2
1117 5601 67 6
1118 5943 -89 -63
1119 6179 50 89
1120 7993 -56 -72
1121 6470 87 65
1122 6129 -62 -46
1123 9390 10 74
1124 3771 -32 -46
1125 9293 14 35
1126 7132 -39 -63
1127 1022 37 80
1128 7030 -41 -16
1129 1104 87 68
1130 6405 -45 -10
1131 2012 58 38
1132 2884 -55 0
1133 9898 46 97
1134 7563 -57 -12
1135 2951 76 15
1136 8613 -84 -27
1137 4184 62 39
1138 9657 -66 -55
1139 9785 87 96
1140 8914 -79 -21
1141 7782 51 30
1142 7809 -90 -80
1143 4022 25 11
1144 9298 -50 -24
1145 3332 13 98
1146 8907 -2 -36
1147 22 78 0
1148 6420 -1 -14
1149 7664 61 8
1150 2801 -44 -47
1151 3094 27 52
1152 5182 -34 -42
1153 9903 40 55
1154 74 -3 -72
1155 7649 51 2
1156 33 -63 -47
1157 505 72 49
1158 4986 -66 -84
1159 3838 26 54
1160 196 -51 -94
1161 7802 32 75
1162 7882 -64 -89
1163 9186 86 10
1164 8007 -30 -76
1165 3853 63 0
1166 6696 -72 -68
1167 240 89 60
1168 758 -62 -25
1169 9922 33 81
1170 6929 -53 -42
1171 2339 64 98
1172 6550 -51 -34
1173 9611 2 91
1174 1306 -54 -52
1175 8468 99 13
1176 1188 -79 -52
1177 7534 5 44
1178 9494 -11 -52
1179 448 49 38
1180 4949 -37 -6
1181 9819 81 34
1182 5758 -52 -41
1183 1133 80 92
1184 899 -94 -15
1185 5802 34 9
1186 1554 -92 -70
1187 8706 23 50
1188 9889 -93 -69
1189 4319 93 99
1190 3416 -23 -35
1191 1940 22 46
1192 4768 -69 -75
1193 9122 48 17
1194 9577 -77 -89
1195 4321 53 47
1196 4096 -20 -77
1197 2650 89 96
1198 1395 -84 -38
1199 7345 30 27
1200 4445 -54 -56
1201 4479 33 64
1202 5092 -58 -12
1203 8018 63 48
1204 1724 -72 -61
1205 2221 3 55
1206 4603 -89 -4
1207 9171 7 7
1208 4808 -26 -19
1209 4746 38 23
1210 9277 -8 -57
1211 6841 85 47
1212 1015 -49 -90
1213 4887 65 67
1214 7855 -65 -39
1215 9683 13 65
1216 4554 -73 -53
1217 9342 59 47
1218 1228 -70 -78
1219 2156 27 29
1220 7282 -27 -94
1221 8009 91 67
1222 989 -88 -11
1223 6328 30 73
1224 3475 -75 -65
1225 703 50 51
1226 2666 -83 -83
1227 1763 78 80
1228 5843 -7 -79
1229 5312 69 9
1230 2164 -12 -60
1231 1095 34 88
1232 804 -24 -68
1233 2009 37 34
1234 4971 -63 -8
1235 4858 44 2
1236 6580 -96 -67
1237 1629 11 42
1238 1677 -75 -80
1239 9912 56 14
1240 9106 -28 -31
1241 433 81 60
1242 4111 -94 -4
1243 9186 40 28
1244 7166 -56 -10
1245 1567 95 91
1246 3288 -86 -52
1247 8210 53 44
1248 7289 -71 -87
1249 6368 9 73
1250 8605 -72 -90
1251 7051 99 93
1252 2060 -20 -53
1253 4145 34 57
1254 7105 -73 -75
1255 4201 81 95
1256 9355 -34 -55
1257 6490 4 6
1258 7938 -48 -96
1259 7568 27 97
1260 1804 -10 -63
1261 4144 39 28
1262 3190 -80 -55
1263 7734 48 5
1264 4898 -41 -85
1265 8007 94 98
1266 9526 -2 -35
1267 9748 5 43
1268 11 -96 -93
1269 3135 63 49
1270 6760 -56 -87
1271 4157 55 81
1272 3914 -70 -98
1273 52 9 13
1274 8864 -94 -81
1275 4174 57 36
1276 5683 -19 -6
1277 5193 33 90
1278 2621 -69 -21
1279 7040 79 29
1280 6888 -92 -68
1281 5671 79 29
1282 6924 -46 -77
1283 6550 75 17
1284 9684 -50 -65
1285 4986 98 87
1286 7296 -32 -51
1287 6675 4 72
1288 2368 -95 -34
1289 8825 97 70
1290 1216 -14 -86
1291 8982 8 78
1292 9118 -23 -35
1293 2249 54 45
1294 4307 -24 -9
1295 7421 80 54
1296 9058 -29 -45
1297 9652 95 9
1298 6964 -64 -93
1299 8419 85 88
1300 7566 -12 -51
1301 2117 24 65
1302 9395 -17 -28
1303 3959 76 88
1304 811 -35 -43
1305 9903 50 79
1306 2701 -18 -57
1307 5834 57 88
1308 7646 -74 -58
1309 6349 32 95
1310 8435 -62 -49
1311 7830 7 87
1312 6955 -38 -30
1313 4912 47 70
1314 1944 -90 -62
1315 2757 71 87
1316 6217 -8 -17
1317 5980 13 64
1318 8911 -27 -42
1319 2439 90 12
1320 555 -55 -79
1321 944 19 12
1322 4301 -37 -79
1323 9602 82 27
1324 9699 -75 -39
1325 7900 23 12
1326 2299 -38 -95
1327 7580 25 37
1328 3111 -94 -92
1329 9355 24 22
1330 7707 -65 -81
1331 6175 35 95
1332 3229 -9 -26
1333 9270 26 44
1334 7967 -64 -20
1335 3273 89 41
1336 3817 -5 -85
1337 4375 39 46
1338 5243 0 -89
1339 9057 6 3
1340 5386 -56 -38
1341 4768 29 72
1342 8472 -97 -5
1343 8753 32 82
1344 3140 -22 -21
1345 8506 22 52
1346 6258 -64 -11
1347 6229 99 5
1348 3950 -83 -93
1349 8536 97 11
1350 2095 -4 -11
1351 1329 66 58
1352 6386 -63 -21
1353 6696 18 67
1354 5828 -79 -66
1355 3632 21 17
1356 9549 -53 -31
1357 5061 44 4
1358 2954 -98 -88
1359 8157 58 79
1360 3391 -23 -55
1361 7604 85 66
1362 3385 -28 -32
1363 3512 24 32
1364 3420 -20 -51
1365 5138 94 90
1366 388 -7 -14
1367 3837 93 70
1368 6690 -95 -33
1369 5904 76 46
1370 2056 -38 -98
1371 6366 46 66
1372 7756 -45 -17
1373 9345 85 54
1374 2088 -42 -18
1375 1098 92 18
1376 1322 -59 -89
1377 1851 64 41
1378 5779 -48 -77
1379 7264 23 36
1380 5792 -61 -66
1381 6693 30 97
1382 4724 -82 -90
1383 7392 38 6
1384 5028 -50 -28
1385 9952 41 37
1386 9830 -53 -58
1387 2483 71 84
1388 9691 -85 -73
1389 1329 71 48
1390 3131 -61 -29
1391 8990 51 91
1392 8102 -33 -39
1393 348 39 37
1394 5570 -63 -78
1395 5023 88 63
1396 615 -96 -13
1397 5732 26 29
1398 7630 -92 -7
1399 9008 14 53
1400 1293 -90 -19
1401 2661 65 72
1402 4603 -62 -46
1403 836 25 56
1404 2660 -81 -91
1405 647 85 76
1406 2040 -22 -23
1407 2023 80 37
1408 648 -42 -53
1409 8387 56 93
1410 5272 -86 -30
1411 7672 41 19
1412 4677 -93 -30
1413 4091 44 58
1414 8256 -25 -54
1415 4792 52 39
1416 3533 -27 -46
1417 5141 66 70
1418 3491 -78 -73
1419 5627 74 3
1420 3689 -27 -61
1421 1827 59 58
1422 8933 -40 -52
1423 5923 14 27
1424 4843 -15 -26
1425 4161 34 73
1426 9758 -75 -27
1427 8289 16 46
1428 3408 -96 -41
1429 5494 71 94
1430 4671 -80 -81
1431 6396 48 69
1432 4072 -59 -56
1433 4713 32 18
1434 8600 -96 -89
1435 4380 33 85
1436 2670 -68 -53
1437 4237 65 93
1438 8245 -65 -96
1439 165 79 71
1440 4295 -12 -14
1441 8092 57 34
1442 5489 -47 -1
1443 4266 65 21
1444 2312 -50 -74
1445 1170 51 72
1446 7343 -82 -77
1447 3444 24 44
1448 7651 -40 -82
1449 1796 29 32
1450 1812 -11 -86
1451 2062 48 24
1452 8662 -34 -48
1453 2683 25 87
1454 6639 -62 -76
1455 7021 38 86
1456 7254 -4 -68
1457 2552 20 75
1458 3888 -45 -81
1459 7514 18 76
1460 4987 -20 -86
1461 4903 18 70
1462 5717 -19 -34
1463 4833 47 26
1464 9682 -21 -57
1465 5569 88 87
1466 7727 -74 -42
1467 4701 57 59
1468 8259 -15 -90
1469 3011 87 60
1470 5126 -54 -98
1471 8811 97 34
1472 8512 -36 -56
1473 5373 9 83
1474 6686 -66 -35
1475 6750 51 53
1476 1430 -1 -91
1477 5679 37 30
1478 2125 -16 -43
1479 3489 36 20
1480 8692 -18 -55
1481 24 60 48
1482 4361 -44 -53
1483 8285 87 86
1484 4825 -66 -31
1485 6775 25 58
1486 1947 -40 -8
1487 349 8 80
1488 4137 -13 -93
1489 9163 46 94
1490 3417 -10 -47
1491 7663 26 86
1492 5640 -14 -86
1493 243 44 81
1494 28 -84 -63
1495 1719 94 9
1496 479 -13 0
1497 8379 16 71
1498 1290 -86 -46
1499 5656 8 37
1500 5751 -64 -96
1501 8086 8 4
1502 4205 -98 -58
1503 1427 48 65
1504 9195 -68 -78
1505 7806 61 43
1506 1976 -28 -1
1507 8484 58 94
1508 5448 -50 -81
1509 9335 30 8
1510 9360 -88 -56
1511 586 6 6
1512 252 -13 -9
1513 3313 31 15
1514 3755 -4 -4
1515 1904 86 56
1516 977 -18 -66
1517 1993 69 0
1518 6647 -56 -85
1519 5246 89 66
1520 8081 -23 -28
1521 7315 70 83
1522 510 -63 -10
1523 807 38 42
1524 9346 -93 -72
1525 9781 6 15
1526 358 -99 -15
1527 4168 6 36
1528 9245 -55 -85
1529 8981 34 95
1530 8474 -4 -97
1531 332 14 38
1532 6339 -48 -22
1533 7448 49 42
1534 2398 -65 -58
1535 6843 67 94
1536 3929 -44 -55
1537 9628 20 66
1538 2357 -26 -9
1539 722 1 17
1540 9243 -67 -41
1541 9939 84 12
1542 6896 -97 -36
1543 4388 40 37
1544 8337 -8 -83
1545 7379 12 48
1546 73 -34 -70
1547 6070 78 68
1548 2174 -53 -7
1549 5366 80 46
1550 9601 -92 -49
1551 9786 64 92
1552 3977 -20 -7
1553 6431 74 0
1554 1454 -41 -22
1555 841 22 61
1556 6761 -40 -10
1557 7512 74 36
1558 8061 -8 -77
1559 8680 63 40
1560 1930 -76 -5
1561 916 99 70
1562 8594 -95 -6
1563 8451 58 20
1564 4149 -14 -16
1565 161 55 22
1566 8635 -86 -97
1567 9370 67 2
1568 8485 -28 -75
1569 5334 46 74
1570 6181 -96 -50
1571 6807 18 64
1572 6504 -88 -94
1573 4656 78 23
1574 8888 -43 -37
1575 4605 79 33
1576 9645 -5 -47
1577 5854 32 51
1578 930 -61 -96
1579 7330 58 99
1580 976 -70 -95
1581 8721 14 95
1582 1250 -68 -81
1583 3843 32 18
1584 8857 -81 -30
1585 1394 13 79
1586 1795 -47 -23
1587 5196 79 42
1588 6976 -28 -1
1589 1121 33 18
1590 6186 -60 -48
1591 1411 50 59
1592 4949 -73 -25
1593 4636 15 4
1594 3536 -88 -34
1595 2560 20 38
1596 7259 -95 -5
1597 204 31 95
1598 3437 -36 -39
1599 9452 20 93
1600 9714 -41 -87
1601 7775 18 10
1602 7869 -71 -79
1603 7140 88 44
1604 8040 0 -10
1605 658 99 92
1606 8219 -76 -84
1607 1882 0 67
1608 909 -10 -29
1609 3959 97 76
1610 7118 -14 -80
1611 498 70 65
1612 4533 -79 -43
1613 7833 39 88
1614 6285 -3 -1
1615 1987 82 1
1616 7320 -60 -41
1617 5087 23 17
1618 4989 -94 -99
1619 3364 64 81
1620 8923 -13 -19
1621 2415 82 38
1622 4374 -97 -62
1623 321 34 80
1624 3273 -23 -68
1625 165 91 62
1626 2994 -79 -79
1627 8327 61 49
1628 7071 -8 -34
1629 2202 22 94
1630 2667 -72 -32
1631 9297 72 46
1632 3113 -41 -44
1633 4391 76 43
1634 5184 -52 -99
1635 57 82 15
1636 9740 -49 -4
1637 9553 21 27
1638 4434 -8 -43
1639 9674 30 71
1640 4734 -53 -7
1641 6481 62 53
1642 2593 -99 -11
1643 6403 70 81
1644 396 -49 -56
1645 853 59 58
1646 5339 -96 -37
1647 1508 15 74
1648 2558 -65 -26
1649 7901 35 55
1650 3103 -35 -19
1651 6109 40 1
1652 6060 -23 -2
1653 7850 22 2
1654 7386 -3 -83
1655 3427 75 75
1656 6135 -62 -77
1657 1051 14 16
1658 2365 -26 -95
1659 7509 9 49
1660 5947 -72 -1
1661 5130 54 52
1662 2211 -47 -23
1663 8155 53 65
1664 3488 -82 0
1665 8794 48 53
1666 2628 -78 -27
1667 970 46 20
1668 8738 -3 -55
1669 8613 80 47
1670 2714 -55 -56
1671 892 34 54
1672 8466 -57 -61
1673 1654 99 80
1674 9739 -31 -69
1675 2172 99 14
1676 1144 -15 -89
1677 9818 72 65
1678 8592 -27 -5
1679 4416 1 13
1680 3834 -94 -92
1681 4151 9 52
1682 3045 -37 0
1683 7412 18 97
1684 8698 -47 -76
1685 824 16 65
1686 6958 -25 -49
1687 9816 37 30
1688 1138 -20 -97
1689 2327 12 22
1690 9999 -10 -51
1691 6639 97 23
1692 7501 -96 -36
1693 9286 43 3
1694 9037 -18 -80
1695 6247 12 22
1696 8343 -80 -57
1697 9317 75 92
1698 8940 -86 -38
1699 3841 36 96
1700 262 -62 -82
1701 4416 74 41
1702 4006 -92 -55
1703 4511 79 45
1704 6643 -11 -35
1705 7895 18 8
1706 9509 -67 -94
1707 6893 63 37
1708 4492 -51 -95
1709 2563 22 87
1710 7376 -9 -93
1711 9772 59 82
1712 9580 -24 -57
1713 2298 2 27
1714 2668 -54 -24
1715 8782 11 3
1716 7826 -22 -68
1717 9105 60 19
1718 7098 -39 -51
1719 7162 49 97
1720 7255 -17 -57
1721 1239 16 0
1722 8913 -2 -31
1723 6955 46 65
1724 7343 -55 -28
1725 12 72 85
1726 9118 -12 -56
1727 3766 40 1
1728 6674 -93 -6
1729 6544 65 92
1730 7112 -18 -50
1731 6263 63 39
1732 7394 -12 -4
1733 9150 56 95
1734 4361 -56 -42
1735 4292 8 56
1736 9627 -28 -40
1737 4104 81 96
1738 7246 -24 -65
1739 9824 68 17
1740 7811 -52 -86
1741 156 51 79
1742 2661 -5 -71
1743 5265 88 39
1744 3841 -62 -62
1745 5531 30 53
1746 1161 -80 -32
1747 1535 55 27
1748 2895 -58 -2
1749 8154 62 75
1750 8794 -21 -41
1751 6963 46 14
1752 2655 -66 -4
1753 6590 97 36
1754 3024 -37 -50
1755 6319 20 29
1756 6720 -36 -50
1757 8087 44 88
1758 5786 -19 0
1759 7315 30 15
1760 2048 -63 -10
1761 4204 68 92
1762 6891 -49 -6
1763 6841 26 31
1764 4713 -98 -3
1765 9236 20 59
1766 6229 -31 -76
1767 8928 62 54
1768 2281 -45 -21
1769 4022 73 66
1770 8205 -81 -13
1771 1825 35 97
1772 9854 -6 -60
1773 4639 18 45
1774 9789 -33 -74
1775 3221 59 38
1776 4322 -14 -7
1777 2045 19 39
1778 1261 -1 -54
1779 4186 44 18
1780 2414 -77 -84
1781 460 41 27
1782 6239 -15 -23
1783 771 98 70
1784 2253 -73 -53
1785 6739 87 51
1786 7113 -37 -22
1787 5332 91 94
1788 68 -47 -34
1789 1340 18 37
1790 6433 -66 -97
1791 4654 30 90
1792 804 -93 -68
1793 9956 82 77
1794 4923 -23 -16
1795 5688 94 62
1796 9312 -19 -30
1797 4996 38 90
1798 3699 -18 -64
1799 7691 62 97
1800 8956 -42 -8
1801 3626 98 72
1802 4343 -25 -16
1803 8166 98 90
1804 7609 -2 -37
1805 7958 79 56
1806 8895 -28 -14
1807 1733 6 37
1808 4718 -64 -28
1809 6891 57 64
1810 797 -91 -58
1811 2614 22 84
1812 4275 -98 -46
1813 529 59 9
1814 2929 -5 -35
1815 9397 17 10
1816 901 -41 -50
1817 595 43 77
1818 6547 -41 -34
1819 8013 23 65
1820 5702 -49 -16
1821 9336 80 84
1822 5802 -8 -68
1823 8189 29 24
1824 3498 -58 -10
1825 778 92 38
1826 9834 -75 -73
1827 3152 95 10
1828 1509 -25 -34
1829 5814 69 95
1830 3396 -58 -55
1831 2700 19 87
1832 8624 0 -27
1833 4423 22 27
1834 5907 -99 -75
1835 3501 83 80
1836 7305 -82 -99
1837 9300 30 79
1838 6614 -32 -97
1839 6281 9 31
1840 6905 -37 -52
1841 5438 68 89
1842 4470 -57 -16
1843 8767 53 20
1844 5210 -72 -59
1845 1770 14 0
1846 5221 -80 -42
1847 9384 26 14
1848 6986 -12 -90
1849 2524 56 8
1850 5673 -19 -98
1851 8301 46 71
1852 832 -11 -96
1853 6047 43 5
1854 3054 -54 -38
1855 6336 32 67
1856 4089 -54 -43
1857 5245 86 65
1858 2061 -1 -37
1859 8238 10 49
1860 4692 -96 -38
1861 3146 13 71
1862 5320 -86 -41
1863 5712 74 6
1864 8588 -33 -58
1865 7022 81 30
1866 692 -58 -49
1867 1333 43 15
1868 2647 -41 -19
1869 1646 64 43
1870 2819 -29 -47
1871 4867 59 43
1872 8502 -77 -39
1873 9451 27 86
1874 7089 -78 -17
1875 3814 24 4
1876 8505 -91 -52
1877 127 34 28
1878 2147 -3 -73
1879 9273 24 79
1880 7494 -97 -96
1881 5684 61 28
1882 979 -89 -89
1883 4087 82 1
1884 7551 -1 -51
1885 2006 37 43
1886 5540 -83 -20
1887 2509 26 47
1888 3865 -87 -84
1889 7792 39 70
1890 8294 -35 -40
1891 812 82 99
1892 7563 -58 -37
1893 6766 95 81
1894 3256 -17 -95
1895 7222 62 73
1896 8727 -58 -10
1897 7271 15 54
1898 8897 -8 -61
1899 5999 92 7
1900 9484 -42 -80
1901 8175 92 52
1902 9754 -86 -10
1903 8841 34 96
1904 3977 -77 -67
1905 3950 20 54
1906 6248 -18 -80
1907 5145 59 88
1908 7446 -30 -11
1909 6133 18 26
1910 3553 -84 -6
1911 1128 37 82
1912 2763 -80 -93
1913 9410 18 42
1914 3235 -92 -82
1915 2671 9 61
1916 5388 -24 -7
1917 1840 49 31
1918 4744 -10 -77
1919 1764 7 69
1920 5995 -60 -53
1921 5000 2 56
1922 7269 -29 -14
1923 4026 29 9
1924 803 -86 -40
1925 9518 45 29
1926 261 -69 -16
1927 332 62 83
1928 4266 -73 -6
1929 3873 39 31
1930 5927 -81 -60
1931 2749 92 97
1932 2005 -91 -31
1933 6547 7 27
1934 1444 -91 -7
1935 2471 18 71
1936 1310 -98 -53
1937 3703 32 65
1938 4140 -31 -37
1939 7154 18 95
1940 9758 -60 -74
1941 1844 85 28
1942 3324 -47 -24
1943 189 10 51
1944 5266 -19 -86
1945 5204 56 93
1946 4668 -72 -40
1947 8945 90 59
1948 4135 -24 -16
1949 5473 7 20
1950 3454 -1 -40
1951 6770 48 47
1952 9365 -52 -92
1953 7014 66 60
1954 1513 -86 -5
1955 9294 51 75
1956 9928 -79 -42
1957 8601 99 67
1958 4400 -6 -13
1959 6603 46 57
1960 9445 -90 -68
1961 5157 94 12
1962 4224 -74 -15
1963 8701 48 36
1964 6390 -51 -94
1965 1578 55 48
1966 4786 -97 -55
1967 2657 39 0
1968 8899 -70 -33
1969 4437 18 56
1970 264 -92 -10
1971 652 65 98
1972 3501 -44 -46
1973 2822 90 70
1974 563 -15 -30
1975 8704 67 25
1976 124 -97 -8
1977 6393 7 35
1978 4487 -32 -72
1979 2175 77 19
1980 6048 -2 -49
1981 7725 94 18
1982 2266 -77 -70
1983 6588 60 91
1984 6699 -40 -96
1985 8284 75 17
1986 9777 -25 -39
1987 3695 40 44
1988 2347 -15 -10
1989 4426 51 50
1990 5764 -36 -27
1991 6041 62 13
1992 9733 -29 -26
1993 2189 76 64
1994 4956 0 -97
1995 6450 35 19
1996 9702 -69 -89
1997 5881 86 26
1998 3037 -29 -9
1999 8386 14 8
2000 3677 -76 -38
2001 2480 34 5
2002 5790 -4 -68
2003 4220 89 73
2004 5547 -22 -6
2005 5974 88 35
2006 5605 -97 -39
2007 1941 21 74
2008 2621 -17 -98
2009 3415 39 81
2010 3073 -93 -84
2011 4867 53 79
2012 7112 -81 -69
2013 2116 56 61
2014 5875 -54 -28
2015 5294 69 66
2016 1714 -39 -62
2017 4663 80 96
2018 4829 -76 -70
2019 8174 93 42
2020 8917 -32 -30
2021 5289 23 78
2022 6882 -64 -8
2023 2950 42 61
2024 4319 -18 -22
2025 77 4 34
2026 1139 -90 -47
2027 1005 57 87
2028 4203 -56 -79
2029 1440 43 96
2030 6573 -91 -44
2031 3705 14 4
2032 5390 0 -55
2033 6308 36 13
2034 6804 -52 -2
2035 4950 65 52
2036 4504 -90 -16
2037 6940 30 77
2038 5038 -60 -37
2039 7308 79 81
2040 9400 -68 -41
2041 5005 60 29
2042 5900 -38 -57
2043 1418 27 65
2044 4857 -97 -5
2045 904 50 1
2046 5573 -58 -69
2047 4780 89 45
2048 4699 -8 -17
2049 6283 86 45
2050 9953 -47 -44
2051 584 63 2
2052 2916 -9 -48
2053 4873 5 61
2054 6022 -31 -49
2055 7863 97 36
2056 1892 -21 -50
2057 812 81 99
2058 5623 -51 -76
2059 7672 19 93
2060 3939 -71 -49
2061 5032 23 53
2062 31 -18 -43
2063 6338 82 70
2064 5004 -39 -99
2065 2933 19 82
2066 6918 -65 -35
2067 5684 47 26
2068 2957 -38 -24
2069 8887 61 31
2070 5344 -77 -86
2071 2888 26 33
2072 5738 -9 -74
2073 5923 33 0
2074 3495 -69 -26
2075 2594 9 47
2076 2872 -7 -75
2077 5673 88 93
2078 2670 -85 -58
2079 2386 54 8
2080 9246 -50 -66
2081 5356 14 41
2082 7634 -81 -28
2083 9140 2 26
2084 8836 -15 -45
2085 4330 62 51
2086 5951 -2 -17
2087 9696 45 25
2088 8055 -98 -61
2089 9980 97 40
2090 9985 -89 -36
2091 4277 20 58
2092 9289 -65 -64
2093 2689 84 97
2094 7138 -29 -49
2095 7776 17 44
2096 3895 -94 -27
2097 9558 71 35
2098 1151 -83 -79
2099 5874 89 32
2100 6014 -65 -27
2101 4685 38 7
2102 9418 -87 -71
2103 1032 46 88
2104 3711 -86 -90
2105 3091 24 66
2106 7713 -77 -33
2107 3879 52 56
2108 643 -2 -10
2109 8173 76 10
2110 7780 -29 -44
2111 9920 79 84
2112 6395 -50 -59
2113 7530 96 70
2114 6758 -61 -33
2115 2733 51 96
2116 3385 -15 -63
2117 4310 22 68
2118 5188 -94 -82
2119 778 88 48
2120 6556 -76 -65
2121 7497 68 0
2122 8531 -81 -95
2123 5105 58 46
2124 637 -6 -86
2125 8577 3 70
2126 4890 -86 -67
2127 345 49 2
2128 4459 -62 -73
2129 8231 68 75
2130 7056 -33 -86
2131 1942 34 72
2132 48 -75 -65
2133 6795 93 35
2134 9462 -22 -96
2135 249 54 32
2136 8793 -35 -39
2137 8896 46 71
2138 2210 -89 -1
2139 5772 54 71
2140 2131 -60 -21
2141 3995 82 4
2142 7354 -5 -83
2143 7775 71 76
2144 5234 -96 -19
2145 6924 76 46
2146 2804 -88 -38
2147 1673 81 66
2148 4327 -39 -40
2149 1187 15 99
2150 6601 -30 -13
2151 9215 4 82
2152 6227 -97 -18
2153 536 65 55
2154 6048 -75 -6
2155 981 58 92
2156 734 -85 -77
2157 1945 16 35
2158 2034 -98 -90
2159 1265 20 39
2160 8276 -73 -65
2161 440 49 52
2162 5546 -46 -51
2163 2658 39 97
2164 7020 -58 -82
2165 9697 27 77
2166 4187 -38 -43
2167 1946 0 84
2168 1015 -55 -23
2169 5704 73 18
2170 9775 -12 -22
2171 3295 87 63
2172 3771 -5 -76
2173 6793 42 70
2174 9694 -93 -59
2175 3340 9 43
2176 1703 -4 -4
2177 4270 61 2
2178 7545 -79 -95
2179 2382 52 64
2180 3136 -51 -17
2181 4790 34 23
2182 8872 -21 -17
2183 380 9 17
2184 3934 -81 -91
2185 3000 73 8
2186 6603 -88 -7
2187 7419 91 38
2188 5344 -67 -16
2189 5784 26 65
2190 8734 -36 -45
2191 6739 36 35
2192 287 -75 -50
2193 5419 45 32
2194 5901 -18 -29
2195 4699 76 45
2196 2045 -14 -18
2197 2783 51 82
2198 1156 -22 -92
2199 3228 10 41
2200 5498 -56 -2
2201 4462 58 85
2202 623 -7 -38
2203 6022 58 9
2204 939 -7 -76
2205 8578 73 61
2206 9796 -78 -5
2207 2335 27 74
2208 7120 -15 -28
2209 8111 73 84
2210 9282 -79 -68
2211 5061 99 98
2212 8358 -7 -93
2213 57 52 16
2214 4657 -13 -10
2215 7366 15 92
2216 2069 -19 -22
2217 5617 80 42
2218 9107 -21 -32
2219 3097 86 95
2220 7502 -51 -91
2221 3586 22 22
2222 3683 -79 -6
2223 7003 11 58
2224 5603 -39 -75
2225 9757 86 62
2226 8319 -17 -90
2227 2124 93 35
2228 5070 -82 -76
2229 7672 12 0
2230 6162 -40 -86
2231 7752 21 23
2232 3600 -71 -93
2233 3689 84 23
2234 9986 -99 -5
2235 9385 36 88
2236 1603 -84 -23
2237 7335 99 86
2238 8794 -14 -77
2239 9854 32 87
2240 1208 -83 -70
2241 9589 80 97
2242 2518 -18 -46
2243 1237 71 25
2244 4618 -68 -43
2245 474 87 79
2246 4642 -15 -16
2247 1073 5 96
2248 5123 -3 -4
2249 4919 40 90
2250 2629 -98 -34
2251 3410 66 62
2252 1825 -7 -14
2253 5362 20 11
2254 8620 -37 -32
2255 8427 71 18
2256 3666 -43 0
2257 7505 99 88
2258 788 -52 -17
2259 376 9 59
2260 7131 -24 -80
2261 3052 55 79
2262 8455 -6 -28
2263 7135 11 72
2264 5421 -91 -93
2265 8130 15 24
2266 7219 -17 -93
2267 5001 51 40
2268 5381 -26 -30
2269 2785 73 94
2270 7400 -60 -97
2271 4081 75 5
2272 7765 -58 -48
2273 2264 85 83
2274 4842 -83 -59
2275 7242 94 59
2276 5046 -62 -62
2277 8898 44 90
2278 1776 -64 -94
2279 7828 83 16
2280 2321 -99 -38
2281 7400 61 99
2282 5733 -30 -11
2283 4710 95 88
2284 9218 -27 -27
2285 443 83 69
2286 8386 -35 -1
2287 9928 54 11
2288 4612 -8 -42
2289 8895 30 48
2290 1956 -33 -1
2291 2084 59 73
2292 5136 -11 -37
2293 7319 97 16
2294 1809 -96 -24
2295 5858 79 54
2296 2032 -99 -55
2297 1959 11 78
2298 9881 -82 -35
2299 1349 16 38
2300 1172 -43 -55
2301 9433 6 41
2302 5092 -40 -21
2303 6310 76 20
2304 1603 -98 -2
2305 5649 77 25
2306 8942 -74 -71
2307 6048 99 74
2308 9070 -3 -55
2309 4826 20 24
2310 9564 -91 -26
2311 7788 25 6
2312 633 -74 -65
2313 9417 67 33
2314 1031 -81 -39
2315 8471 92 37
2316 5034 -32 -64
2317 7868 92 64
2318 890 -76 -50
2319 3847 34 90
2320 8024 -5 -86
2321 4430 98 25
2322 2243 -35 -68
2323 768 46 96
2324 5894 -20 -55
2325 3888 54 81
2326 950 -76 -31
2327 8832 99 59
2328 8865 -67 -16
2329 3750 75 69
2330 3257 0 -74
2331 5122 6 83
2332 834 -71 -20
2333 3426 81 83
2334 2088 -35 0
2335 9001 60 8
2336 6583 -91 -37
2337 1026 56 5
2338 169 -10 -12
2339 8765 26 13
2340 7145 -39 -37
2341 1369 11 33
2342 3092 -19 -64
2343 3935 20 50
2344 9528 -53 -31
2345 7322 96 91
2346 2921 -58 -26
2347 1143 26 16
2348 6792 -91 -66
2349 1135 32 22
2350 9259 -68 -56
2351 2263 68 75
2352 9925 -66 -65
2353 3929 38 61
2354 9734 -41 -98
2355 5220 13 18
2356 3489 -53 -99
2357 6808 53 56
2358 3998 -60 -37
2359 2203 14 84
2360 8747 -99 -2
2361 8846 44 67
2362 3440 -56 -31
2363 2542 76 26
2364 7719 -17 -69
2365 7255 42 85
2366 4964 -11 -19
2367 5052 38 56
2368 4641 -48 -69
2369 2593 77 42
2370 9129 -26 -32
2371 5197 2 70
2372 770 -23 -84
2373 1921 19 45
2374 5269 -45 -8
2375 5635 14 77
2376 131 -14 -77
2377 183 36 28
2378 2210 -17 -4
2379 2295 7 43
2380 1011 -62 -23
2381 6906 6 5
2382 5156 -98 -3
2383 5094 99 0
2384 8845 -99 -19
2385 6688 4 6
2386 5483 -52 -15
2387 979 37 10
2388 2086 -50 -77
2389 8365 77 92
2390 8604 -51 -26
2391 6491 98 28
2392 6713 -58 -50
2393 936 21 40
2394 7101 -76 -52
2395 3125 57 1
2396 6051 -46 -67
2397 7788 76 87
2398 6727 -43 -31
2399 1191 58 89
2400 1737 -96 -49
2401 6990 60 69
2402 5538 -37 -66
2403 4936 16 63
2404 4138 -23 -93
2405 9944 56 95
2406 3889 -57 -82
2407 2901 95 22
2408 5655 -66 -63
2409 1880 18 32
2410 3584 -91 -15
2411 7159 39 49
2412 8449 -91 -87
2413 1496 15 73
2414 172 -4 -70
2415 3974 92 52
2416 1693 -20 -55
2417 8778 46 56
2418 5187 -85 -21
2419 1961 61 10
2420 5436 -18 -55
2421 5266 48 13
2422 6111 -8 -3
2423 2567 83 42
2424 9844 -60 -93
2425 4452 30 57
2426 8695 -47 -90
2427 2429 84 72
2428 1945 -61 -86
2429 5555 13 31
2430 7368 -23 -58
2431 5455 47 18
2432 2034 -32 -43
2433 8210 50 31
2434 1446 -83 -48
2435 6528 6 53
2436 988 -7 -32
2437 1815 97 70
2438 7142 -39 -90
2439 4947 30 41
2440 8593 -56 -2
2441 5836 6 20
2442 7250 -74 -77
2443 1346 39 33
2444 2016 -55 -45
2445 5725 62 54
2446 6917 -18 -56
2447 236 99 23
2448 8602 -35 -12
2449 5593 87 81
2450 6543 -43 -41
2451 7905 94 88
2452 6008 -9 -69
2453 7173 38 85
2454 969 -61 -23
2455 8183 88 44
2456 8871 -98 -8
2457 5974 51 56
2458 3058 -75 -70
2459 9567 40 49
2460 852 -36 -24
2461 756 51 25
2462 8474 -5 -9
2463 6579 71 7
2464 9183 -46 -64
2465 7157 11 2
2466 1312 -88 -86
2467 6942 69 64
2468 2219 -79 -53
2469 6052 94 77
2470 2972 -44 -58
2471 3676 60 24
2472 734 -75 -97
2473 9296 99 46
2474 2249 -15 -10
2475 4997 98 61
2476 7796 -83 -93
2477 4534 61 96
2478 6002 -39 -23
2479 7243 41 80
2480 4922 -85 -41
2481 1644 28 26
2482 6662 -45 -25
2483 9407 38 89
2484 8928 -50 -90
2485 9499 26 30
2486 694 -48 -73
2487 7095 0 46
2488 369 -62 -35
2489 1973 35 85
2490 3786 -2 -7
2491 6387 87 78
2492 3655 -89 -25
2493 2171 47 73
2494 4038 -32 -22
2495 1257 1 61
2496 8278 -93 -94
2497 4368 99 29
2498 7931 -88 -86
2499 2401 15 11
2500 1140 -79 -19
2501 1530 15 79
2502 3536 -78 -10
2503 4801 54 80
2504 7004 -38 -44
2505 6276 33 19
2506 6046 -24 -69
2507 330 59 55
2508 5226 -6 -95
2509 6508 25 4
2510 460 -34 -75
2511 3166 3 16
2512 2972 -85 -95
2513 22 76 56
2514 5813 -62 -88
2515 5570 43 30
2516 7456 -54 -7
2517 7810 94 81
2518 5993 -24 -82
2519 453 58 28
2520 9170 -73 -25
2521 2547 12 7
2522 4307 -23 -6
2523 5681 40 35
2524 9730 -4 -34
2525 3265 23 31
2526 906 -86 -31
2527 3032 18 62
2528 7749 -79 -83
2529 3061 77 96
2530 8188 -37 -82
2531 222 6 77
2532 9271 -16 -78
2533 1588 46 90
2534 8683 -9 -82
2535 5772 62 83
2536 9084 -76 -70
2537 1669 93 40
2538 1362 -46 -56
2539 9506 49 52
2540 9342 -71 -21
2541 6111 31 26
2542 2497 -85 -77
2543 9997 98 23
2544 2971 -63 -97
2545 1643 91 35
2546 869 -48 -37
2547 7281 74 37
2548 6920 -6 -82
2549 8292 28 84
2550 752 -70 -35
2551 8066 13 95
2552 6146 -30 -54
2553 1923 80 95
2554 9328 -95 -31
2555 6773 79 41
2556 8333 -5 -81
2557 3029 96 27
2558 5989 -84 -76
2559 6752 47 11
2560 3461 -81 -75
2561 9989 9 22
2562 6355 -45 -65
2563 8874 91 57
2564 3744 -98 -26
2565 1693 84 88
2566 2610 -45 -52
2567 4322 91 53
2568 6371 -89 0
2569 4193 78 26
2570 361 -72 -55
2571 1818 89 20
2572 3817 -77 -92
2573 8832 80 5
2574 1589 -6 -77
2575 5873 38 27
2576 7035 -47 -79
2577 1858 84 8
2578 3167 -63 -8
2579 8579 29 9
2580 684 -90 -2
2581 2500 12 60
2582 8932 -16 -38
2583 4965 15 50
2584 398 -19 -55
2585 1008 82 29
2586 1835 -40 -11
2587 3572 65 44
2588 9880 -14 -43
2589 2490 83 41
2590 6288 -75 -79
2591 2430 58 13
2592 9846 -17 -76
2593 2496 65 9
2594 3673 -90 -72
2595 9346 28 17
2596 5610 -61 -72
2597 6449 93 62
2598 4840 -18 -97
2599 2305 97 50
2600 9195 -97 -31
2601 6733 4 36
2602 6557 -64 -43
2603 8891 70 67
2604 963 -56 -90
2605 612 36 57
2606 2451 -85 -19
2607 8099 67 40
2608 8482 -47 -59
2609 3500 47 53
2610 8360 0 -48
2611 8314 82 29
2612 6324 -97 -29
2613 7274 48 59
2614 3973 -85 -27
2615 8539 87 43
2616 6389 -75 -56
2617 1514 81 0
2618 1766 -90 -69
2619 1316 36 55
2620 8148 -11 -50
2621 4592 28 9
2622 3877 -57 -48
2623 8635 5 96
2624 449 -42 -93
2625 9389 91 83
2626 1406 -29 -51
2627 5442 84 86
2628 275 -52 -2
2629 2115 54 23
2630 684 -77 -35
2631 4070 54 13
2632 5969 -46 -49
2633 5832 1 53
2634 8225 -39 -48
2635 9668 68 43
2636 1193 -82 -3
2637 6937 65 91
2638 760 -96 -17
2639 5021 46 16
2640 2623 -86 -30
2641 6722 41 81
2642 3655 -59 -99
2643 5897 78 37
2644 3957 -51 -45
2645 2900 77 69
2646 9470 -67 -97
2647 5404 0 46
2648 4684 -52 -8
2649 2939 3 43
2650 9619 -63 -94
2651 2606 47 69
2652 8245 -74 -91
2653 1405 72 86
2654 5483 -72 -41
2655 4290 52 23
2656 1806 -90 -13
2657 3410 18 62
2658 3429 -29 -24
2659 885 39 79
2660 3883 -5 -82
2661 754 15 95
2662 7832 -81 -10
2663 2285 48 78
2664 4669 -82 -36
2665 5405 76 95
2666 6747 -68 -70
2667 6968 98 53
2668 7472 -96 -81
2669 6393 32 68
2670 6893 -91 -53
2671 5500 97 91
2672 6630 -73 -64
2673 1580 70 20
2674 9374 -39 0
2675 8716 95 53
2676 5517 -99 -27
2677 9043 89 39
2678 6613 -85 -52
2679 8497 77 51
2680 8507 -44 -88
2681 4541 42 6
2682 3368 -38 -34
2683 6818 83 46
2684 1529 -99 0
2685 2319 34 25
2686 8567 -34 -7
2687 7620 13 74
2688 7614 -33 -68
2689 5004 58 96
2690 9300 -47 -77
2691 8783 81 17
2692 6583 -15 -94
2693 502 60 11
2694 9298 -37 -97
2695 4589 63 10
2696 8851 -5 -7
2697 3862 62 59
2698 200 -14 -34
2699 3925 57 75
2700 3515 -62 -6
2701 3982 86 25
2702 3502 -18 -76
2703 8827 75 75
2704 8231 -31 -28
2705 3917 90 1
2706 6462 -16 -94
2707 4657 78 72
2708 9305 -3 -33
2709 1371 25 60
2710 3139 -84 -35
2711 9615 13 82
2712 981 -58 -24
2713 5010 13 88
2714 6769 -28 -7
2715 5744 42 6
2716 8534 -19 -69
2717 9111 99 37
2718 1122 -7 -68
2719 6142 6 29
2720 3050 -21 -53
2721 824 89 62
2722 3902 -24 -77
2723 1222 88 42
2724 1170 -6 -83
2725 532 79 73
2726 5942 -87 -5
2727 8867 22 71
2728 1664 -52 -41
2729 104 74 98
2730 8875 -41 -92
2731 4622 68 14
2732 5177 -31 -91
2733 2752 99 12
2734 9928 -77 -2
2735 9567 90 87
2736 4691 -18 -71
2737 4984 4 91
2738 1535 -45 -6
2739 1795 21 97
2740 39 -19 -33
2741 9225 70 65
2742 362 -50 -36
2743 17 99 8
2744 899 -37 -36
2745 815 45 86
2746 7946 -22 -66
2747 4218 12 44
2748 5412 -51 -97
2749 2452 64 83
2750 685 -61 -95
2751 1574 74 54
2752 3127 -45 -48
2753 54 20 42
2754 4952 -20 -70
2755 7106 91 82
2756 5274 -91 -90
2757 6627 13 99
2758 3760 -55 -65
2759 158 70 41
2760 6558 -70 -71
2761 3117 72 24
2762 45 -18 -15
2763 2974 88 32
2764 1246 -80 -79
2765 7 97 15
2766 7111 -26 -83
2767 3831 59 27
2768 3020 -92 -58
2769 1135 21 50
2770 3876 -62 -38
2771 732 77 99
2772 818 -12 -12
2773 2247 79 49
2774 2983 -28 -95
2775 9216 9 7
2776 198 -71 -1
2777 1414 5 16
2778 8251 -83 -49
2779 1562 89 24
2780 3535 -48 -70
2781 4045 16 89
2782 4173 -99 -85
2783 8692 14 63
2784 581 -59 -41
2785 4712 85 31
2786 2216 -21 -51
2787 6307 14 70
2788 4664 -86 -23
2789 3400 52 61
2790 7410 -33 -89
2791 2733 76 55
2792 5299 -80 -75
2793 2921 52 86
2794 5206 -48 -7
2795 9757 94 17
2796 4920 -52 -73
2797 8049 76 60
2798 2684 -82 -10
2799 6835 3 43
2800 5123 -60 -23
2801 1178 42 99
2802 63 -10 -86
2803 2640 41 34
2804 8200 -74 -59
2805 3760 10 44
2806 3678 -42 -63
2807 1855 97 47
2808 2672 -62 -27
2809 6438 14 40
2810 6686 -37 -67
2811 3262 52 70
2812 9392 -58 -45
2813 567 60 8
2814 1000 -53 -48
2815 2460 21 69
2816 2951 -52 -72
2817 247 92 72
2818 3370 -43 -31
2819 4722 35 87
2820 9330 -48 -36
2821 211 1 88
2822 8073 -33 -56
2823 3499 50 61
2824 78 -57 -15
2825 9901 22 80
2826 4360 -37 -49
2827 6519 16 42
2828 4684 -48 -95
2829 346 80 76
2830 8830 -79 -42
2831 6396 66 80
2832 7144 -58 -77
2833 4788 84 53
2834 4705 -67 -58
2835 8254 59 92
2836 3843 -95 -66
2837 8854 58 26
2838 3509 -45 -83
2839 6173 61 12
2840 4596 -93 -23
2841 9636 52 55
2842 7905 -85 -45
2843 7228 91 12
2844 1836 -51 -26
2845 7784 82 49
2846 6620 -71 -66
2847 7313 63 44
2848 6611 -45 -45
2849 7912 24 2
2850 9165 -52 -49
2851 6752 8 78
2852 3599 -87 -7
2853 5021 19 91
2854 4219 -58 -56
2855 9244 36 3
2856 8165 -11 -71
2857 4714 76 43
2858 9490 -14 -51
2859 9588 1 26
2860 8459 -54 -33
2861 6677 47 17
2862 6035 -64 -97
2863 6787 7 59
2864 2229 -27 -80
2865 5667 71 2
2866 3148 -64 -49
2867 4483 43 76
2868 2159 -44 -68
2869 1701 97 49
2870 4227 -61 -37
2871 7081 11 68
2872 5453 -67 -23
2873 2915 83 15
2874 9455 -93 -27
2875 2464 91 95
2876 7791 -96 -70
2877 6976 56 26
2878 1961 -96 -68
2879 7113 55 17
2880 3391 -32 -46
2881 8260 32 65
2882 2604 0 -67
2883 1392 52 33
2884 269 -71 -62
2885 3577 96 81
2886 3211 -11 -4
2887 183 2 93
2888 7252 -34 -39
2889 4125 32 56
2890 1457 -19 -69
2891 8649 70 26
2892 4297 -23 -90
2893 369 41 31
2894 3130 -44 -57
2895 6681 89 20
2896 7756 -65 -57
2897 573 93 67
2898 2650 -25 -83
2899 4188 56 1
2900 1419 -13 -96
2901 8653 86 49
2902 9549 -86 -72
2903 6394 21 62
2904 18 -82 -81
2905 4595 2 14
2906 4555 -41 -86
2907 2776 11 38
2908 9815 -72 -25
2909 502 79 12
2910 6481 -29 -5
2911 3231 27 65
2912 9992 -66 -18
2913 4128 34 15
2914 7815 -78 -82
2915 7644 59 15
2916 2986 -47 -96
2917 1983 94 15
2918 1880 -73 -89
2919 8383 81 58
2920 7018 -67 -75
2921 1407 83 76
2922 8467 -29 -51
2923 7375 45 85
2924 6975 -97 -96
2925 8722 38 39
2926 3360 -17 -22
2927 8820 2 54
2928 2282 -35 -50
2929 1900 44 50
2930 7101 -53 -15
2931 1470 17 83
2932 7245 -63 -83
2933 1395 44 27
2934 4599 -80 -16
2935 5528 23 20
2936 6657 -43 -51
2937 9520 22 0
2938 2398 -25 0
2939 9229 15 3
2940 729 -64 -47
2941 8121 17 18
2942 1979 -42 -21
2943 775 75 42
2944 891 -64 -42
2945 249 51 74
2946 7066 -47 -6
2947 7108 34 0
2948 5801 -40 -91
2949 5950 30 15
2950 4971 -94 -19
2951 6745 89 90
2952 9521 -93 -40
2953 2632 12 11
2954 1446 -14 -39
2955 1394 20 46
2956 621 -24 -33
2957 1453 64 69
2958 194 -42 -82
2959 5444 67 47
2960 5704 -16 -45
2961 23 92 48
2962 787 -73 -78
2963 1018 67 86
2964 2993 -16 -19
2965 638 51 33
2966 9039 -19 -41
2967 5365 16 95
2968 8480 -19 -17
2969 9854 89 34
2970 2847 -43 -83
2971 6180 96 8
2972 682 -75 -60
2973 6841 47 42
2974 1920 -59 -26
2975 3178 13 69
2976 3062 -48 -75
2977 9970 81 59
2978 3708 -8 -39
2979 3639 79 15
2980 8578 -30 -34
2981 6539 66 42
2982 4468 -47 -95
2983 3545 62 71
2984 1279 -10 -94
2985 8333 27 95
2986 1419 -92 -44
2987 7702 9 1
2988 7396 -86 -47
2989 3763 12 93
2990 1047 -62 -85
2991 5948 99 89
2992 5151 -79 -22
2993 661 74 0
2994 7100 -97 -19
2995 9859 57 17
2996 1117 -47 -1
2997 8753 32 39
2998 3392 -43 -86
2999 4112 32 3
3000 7198 -73 -52
3001 4399 0 16
3002 5840 -52 -67
3003 7469 65 50
3004 7941 -43 -16
3005 7429 2 67
3006 6903 -3 -94
3007 4823 45 53
3008 399 -12 -30
3009 3932 63 83
3010 8779 -80 -24
3011 6612 38 26
3012 4373 -49 -4
3013 7465 42 45
3014 3999 -14 -95
3015 4856 22 15
3016 3300 -61 -51
3017 1943 16 62
3018 3993 -87 -6
3019 1294 11 81
3020 8409 -65 -87
3021 2062 59 16
3022 7065 -44 -72
3023 3844 26 43
3024 5409 -12 -7
3025 8503 17 41
3026 5982 -75 -24
3027 4234 12 43
3028 4117 -36 -89
3029 1628 17 46
3030 9401 -86 -73
3031 5102 78 6
3032 6917 -48 -5
3033 9591 4 13
3034 2501 -48 -24
3035 9613 41 35
3036 31 -10 -47
3037 9962 54 68
3038 3789 -95 -90
3039 6560 91 5
3040 7698 -50 -60
3041 8526 38 99
3042 3240 -47 -62
3043 1559 80 48
3044 8512 -57 -23
3045 8672 6 8
3046 7764 -53 -30
3047 4940 12 25
3048 3923 -18 -18
3049 5002 68 27
3050 3978 -50 -38
3051 9478 14 73
3052 6414 -46 0
3053 4283 63 75
3054 9432 -89 -99
3055 9966 58 14
3056 2634 -83 -72
3057 5061 84 81
3058 7440 -11 -32
3059 3320 46 23
3060 6102 -33 -24
3061 1085 17 30
3062 2163 -45 -93
3063 8664 92 5
3064 839 -92 -53
3065 1625 59 6
3066 184 -51 -18
3067 300 15 61
3068 6232 -25 -24
3069 7825 69 81
3070 8188 -78 -54
3071 8128 54 56
3072 7800 -98 -41
3073 3255 9 48
3074 3304 -69 -39
3075 6423 7 75
3076 2264 -28 -16
3077 7960 46 3
3078 3183 -40 -44
3079 8131 87 7
3080 1828 -99 -84
3081 3572 11 46
3082 65 -99 -48
3083 4771 77 6
3084 8309 -49 -20
3085 3594 12 23
3086 6482 -78 -90
3087 6663 67 15
3088 8406 -20 -9
3089 1927 4 69
3090 5133 -24 -56
3091 1027 78 42
3092 824 -84 -39
3093 1440 12 49
3094 9262 -41 -49
3095 3289 50 65
3096 4395 -89 -30
3097 1805 35 52
3098 2058 -47 -17
3099 5603 83 16
3100 4701 -75 -9
3101 6748 87 76
3102 5721 -23 -92
3103 166 17 87
3104 4296 -38 -7
3105 3833 63 7
3106 5935 -93 -52
3107 5351 9 98
3108 3760 -89 -55
3109 5859 4 56
3110 362 -70 -14
3111 6848 46 70
3112 2942 -97 -40
3113 6376 86 52
3114 2070 -84 -13
3115 9357 63 99
3116 4343 -68 -72
3117 8244 1 13
3118 5828 -35 -72
3119 6011 72 84
3120 755 -67 -22
3121 2514 75 47
3122 8524 -65 -20
3123 343 67 49
3124 785 -63 -46
3125 3597 20 15
3126 3061 -77 -10
3127 3428 23 96
3128 699 -86 -36
3129 8366 0 91
3130 3879 -77 -95
3131 3548 72 16
3132 7437 -16 -58
3133 2572 87 66
3134 6591 -49 -33
3135 3738 31 92
3136 7518 -90 -9
3137 7667 84 19
3138 9614 -13 -12
3139 2588 60 35
3140 1948 -67 -85
3141 6847 10 72
3142 3273 -9 -57
3143 1583 3 24
3144 1314 -16 -78
3145 6851 16 46
3146 6610 -88 -5
3147 1049 73 95
3148 9365 -58 -22
3149 7496 5 91
3150 1658 -35 -92
3151 3850 64 73
3152 4042 -40 -77
3153 3464 53 24
3154 9004 -44 -84
3155 8200 67 57
3156 3403 -41 -1
3157 3606 46 35
3158 7941 -72 -45
3159 3248 62 81
3160 1539 -97 -42
3161 8156 94 39
3162 3934 -9 -11
3163 9431 86 7
3164 1423 -16 -91
3165 3914 50 38
3166 1461 -16 -96
3167 2026 97 85
3168 5959 -86 -53
3169 7937 17 55
3170 9349 -67 -28
3171 5051 62 6
3172 8814 -7 -80
3173 6546 57 37
3174 793 -2 -11
3175 3934 31 70
3176 5422 -39 -14
3177 7826 37 56
3178 6604 -54 -90
3179 9183 42 5
3180 2967 -41 -68
3181 6301 29 71
3182 8985 0 -23
3183 6616 30 32
3184 3647 -58 -31
3185 2559 52 41
3186 5212 -2 -10
3187 3007 21 39
3188 3296 -93 -9
3189 6205 57 36
3190 7617 -49 -42
3191 4739 47 58
3192 3115 -72 -75
3193 6568 48 16
3194 5383 -35 -66
3195 71 8 0
3196 1784 -60 -82
3197 3977 31 25
3198 4542 -51 -10
3199 2893 94 44
3200 6308 -13 -45
3201 1222 68 23
3202 363 -78 -52
3203 9117 99 79
3204 2659 -75 -67
3205 3561 7 18
3206 6453 -71 -41
3207 8853 60 52
3208 7555 -42 -66
3209 7579 79 76
3210 9699 -66 -10
3211 3967 81 83
3212 8467 -69 -89
3213 1737 75 73
3214 3031 -7 -96
3215 8642 66 60
3216 685 -23 -5
3217 291 27 44
3218 8776 -9 -83
3219 4513 47 93
3220 7959 -28 -9
3221 8718 48 83
3222 5524 -38 -69
3223 7176 60 66
3224 6974 -70 -63
3225 5797 78 91
3226 9598 -67 -20
3227 318 24 26
3228 6848 -71 -95
3229 2727 56 33
3230 9867 -45 -7
3231 1745 14 12
3232 9124 -74 -89
3233 6452 11 14
3234 2079 -41 -77
3235 2415 89 1
3236 7252 -12 -86
3237 1378 20 65
3238 6287 -57 -94
3239 6573 23 51
3240 3282 -29 -21
3241 8322 80 10
3242 7599 -43 -54
3243 8408 97 68
3244 8111 -67 -36
3245 6752 2 75
3246 954 -37 -50
3247 2893 83 39
3248 5601 -3 -40
3249 2644 19 37
3250 1049 -24 -63
3251 5175 75 67
3252 5459 -53 -37
3253 6387 56 58
3254 5341 -80 -28
3255 4604 96 9
3256 6953 -63 -55
3257 3951 4 78
3258 3164 -78 -5
3259 2942 22 38
3260 4345 -31 -20
3261 1181 99 98
3262 5716 -30 -69
3263 1651 91 50
3264 144 -48 -83
3265 7943 90 20
3266 3862 -20 -1
3267 7714 0 69
3268 9234 -2 -4
3269 1647 73 74
3270 9292 -97 -55
3271 4454 84 87
3272 1473 -49 -62
3273 7854 58 43
3274 3521 -4 -28
3275 1069 31 72
3276 7696 -24 -37
3277 9804 76 84
3278 5515 -1 -89
3279 192 95 53
3280 3663 -81 -45
3281 4430 72 90
3282 9406 -70 -8
3283 4781 38 9
3284 2043 -20 -31
3285 9238 32 45
3286 3378 -8 -39
3287 7679 24 89
3288 6178 -38 -16
3289 1926 73 84
3290 8734 -31 -27
3291 5413 79 56
3292 865 -47 -56
3293 1446 59 90
3294 6935 -36 -94
3295 6683 32 19
3296 6846 -48 -36
3297 7220 18 53
3298 285 -20 -78
3299 2758 52 20
3300 8466 -6 -75
3301 1080 7 49
3302 2155 -62 -25
3303 3886 58 75
3304 6086 -28 -43
3305 3198 0 35
3306 7857 -91 -43
3307 4017 51 28
3308 8950 -83 -13
3309 5214 52 86
3310 8559 -60 -96
3311 8154 52 82
3312 5819 -19 -31
3313 3299 46 45
3314 9365 -67 -40
3315 6756 48 76
3316 1596 -82 -63
3317 1578 64 26
3318 187 -72 -71
3319 1105 67 3
3320 8050 -58 -98
3321 3969 46 64
3322 3649 -35 -34
3323 2458 44 53
3324 7475 -18 -77
3325 6998 80 42
3326 905 -27 -65
3327 8277 54 69
3328 6828 -47 -66
3329 3781 39 53
3330 2135 -60 -48
3331 4326 38 45
3332 4414 -87 -75
3333 8183 67 1
3334 236 -49 -22
3335 9772 38 13
3336 2661 -82 -95
3337 7980 62 94
3338 133 -45 -86
3339 5256 88 38
3340 1353 -41 -11
3341 8497 69 30
3342 7682 -15 -24
3343 89 30 91
3344 6097 -56 -73
3345 514 87 88
3346 5176 -12 -76
3347 2904 75 98
3348 9670 -89 0
3349 9158 14 58
3350 3263 -59 -8
3351 9457 94 75
3352 4349 -8 -25
3353 3619 13 10
3354 5262 -9 -66
3355 5445 44 88
3356 5095 -19 -19
3357 9793 63 72
3358 8548 -36 -31
3359 1587 4 75
3360 2028 -38 -62
3361 2899 90 46
3362 6951 -45 -77
3363 1649 76 89
3364 5461 -63 -62
3365 344 78 31
3366 3481 -7 -28
3367 5694 69 81
3368 1240 -98 -3
3369 2749 56 13
3370 9940 -98 -21
3371 6867 31 7
3372 8045 -22 -23
3373 9665 37 27
3374 6616 -97 -48
3375 1242 35 29
3376 1435 -77 -30
3377 609 21 24
3378 9724 -39 -46
3379 8549 79 14
3380 4917 -70 -15
3381 2402 85 18
3382 8878 -36 -83
3383 339 59 10
3384 289 -34 -89
3385 7903 57 19
3386 1443 -78 -63
3387 3476 53 4
3388 637 0 -60
3389 6617 76 1
3390 7628 -99 -73
3391 2142 57 89
3392 4761 -93 -95
3393 3610 45 3
3394 4509 -43 -44
3395 5609 94 87
3396 2962 -61 -75
3397 569 49 96
3398 6386 -2 -52
3399 351 24 36
3400 7675 -16 -6
3401 5279 44 88
3402 9044 -60 -68
3403 9355 26 32
3404 7538 -99 -90
3405 9255 96 83
3406 7048 -56 -82
3407 7037 53 24
3408 1233 -84 -64
3409 9942 35 79
3410 1617 -63 -45
3411 2336 55 37
3412 5228 -73 -41
3413 6568 35 34
3414 6654 -47 -8
3415 3636 21 84
3416 7637 -74 -27
3417 1417 86 92
3418 6883 -73 -33
3419 8299 77 14
3420 1481 -1 -56
3421 1514 55 39
3422 2665 -21 -66
3423 330 82 25
3424 5388 -73 -74
3425 4175 70 62
3426 4550 -93 -17
3427 3014 52 29
3428 4264 -92 -45
3429 7891 83 63
3430 7317 -29 -24
3431 6746 19 9
3432 7765 -16 -62
3433 4894 33 57
3434 6295 -39 -60
3435 7347 76 64
3436 7474 -73 -83
3437 7850 82 76
3438 7595 -72 -49
3439 2555 42 79
3440 9237 -24 -47
3441 3544 43 36
3442 3643 -40 -48
3443 3011 51 48
3444 5822 -86 -47
3445 2419 15 94
3446 5175 -16 -89
3447 1870 7 32
3448 5119 -70 -99
3449 6023 84 32
3450 2529 -32 -78
3451 5287 13 86
3452 7289 -55 -6
3453 4723 68 4
3454 2725 -19 0
3455 9869 99 21
3456 7419 -43 -68
3457 3493 89 53
3458 4216 -90 -5
3459 5867 48 41
3460 1502 -57 -21
3461 2434 3 55
3462 3413 -60 -26
3463 3026 8 88
3464 265 -39 -17
3465 7601 53 2
3466 5852 -91 -89
3467 3126 20 13
3468 5340 -47 -79
3469 3386 4 88
3470 4967 -24 -63
3471 9996 29 95
3472 6652 -26 -5
3473 7579 49 67
3474 8172 -7 -61
3475 4474 38 89
3476 2682 -32 -84
3477 9031 4 69
3478 1213 -98 -65
3479 7095 13 66
3480 6679 -4 -49
3481 3427 30 28
3482 279 -39 -11
3483 6080 73 67
3484 6248 -33 -45
3485 4927 0 0
3486 1645 -17 -52
3487 4427 81 83
3488 9016 -27 -60
3489 1266 3 84
3490 1753 -12 -58
3491 7180 5 25
3492 3822 -22 -43
3493 8332 13 45
3494 6805 -36 -20
3495 7662 93 98
3496 3934 -83 -9
3497 8867 1 29
3498 8845 -74 -4
3499 1559 85 58
3500 6853 -85 -74
3501 2081 24 36
3502 8789 -25 -97
3503 3122 52 34
3504 846 -37 -30
3505 23 76 64
3506 7122 -90 -89
3507 3600 71 39
3508 6913 -75 -58
3509 5195 70 82
3510 299 -26 -98
3511 8023 62 87
3512 7633 -10 -71
3513 1018 3 95
3514 638 -95 -94
3515 4648 28 61
3516 568 -32 -69
3517 9829 29 32
3518 9641 -76 -37
3519 6575 7 84
3520 4443 -3 -80
3521 856 3 98
3522 2506 -51 -22
3523 672 40 42
3524 4620 -27 -22
3525 4665 55 85
3526 3050 -53 -30
3527 7390 37 25
3528 8747 -75 -6
3529 4884 77 66
3530 5076 -90 -59
3531 8782 38 39
3532 7530 -47 -83
3533 8059 68 86
3534 25 -99 -40
3535 5153 18 72
3536 3226 -6 -80
3537 6678 49 21
3538 2995 -97 -90
3539 3892 16 50
3540 266 -48 -2
3541 3073 48 46
3542 5367 -68 -61
3543 711 36 55
3544 6339 -34 -14
3545 7838 41 49
3546 6587 -59 -89
3547 4239 2 63
3548 7041 -48 -52
3549 7899 14 1
3550 8614 -3 -43
3551 109 3 45
3552 1526 -45 -98
3553 3852 8 34
3554 4047 -1 -38
3555 8418 22 28
3556 837 -52 -72
3557 8061 64 12
3558 960 -63 -12
3559 9919 95 19
3560 7623 -11 -73
3561 9169 89 4
3562 8511 -31 -64
3563 2686 90 73
3564 2937 -27 -3
3565 2914 76 71
3566 8598 -96 -93
3567 6267 32 56
3568 4663 -26 -90
3569 1301 59 81
3570 8469 -85 -2
3571 9203 92 18
3572 1682 -99 -18
3573 6259 39 75
3574 1213 -32 -58
3575 6536 69 46
3576 8139 -39 -89
3577 7908 65 89
3578 804 -10 -69
3579 9976 63 63
3580 2013 -8 -99
3581 9926 63 56
3582 9043 -97 -10
3583 9822 85 29
3584 666 -81 -72
3585 6717 40 91
3586 4696 -72 -44
3587 256 26 76
3588 2571 -82 -64
3589 9480 8 75
3590 2642 -60 -21
3591 1182 24 51
3592 5265 -51 -79
3593 8894 86 86
3594 1582 -79 -23
3595 3427 32 13
3596 5226 -76 -78
3597 530 83 70
3598 18 -88 -13
3599 8829 85 57
3600 6116 -8 -59
3601 4103 87 9
3602 1851 -80 -10
3603 8520 85 99
3604 1566 -57 -42
3605 872 81 61
3606 3301 -65 -12
3607 7510 37 2
3608 6551 -50 -68
3609 3456 32 96
3610 5954 -83 -51
3611 7183 96 61
3612 7064 -33 -98
3613 1984 2 89
3614 8181 -61 -31
3615 9582 72 77
3616 4299 -41 -72
3617 4882 67 29
3618 6490 -95 -72
3619 3030 43 54
3620 9009 -41 -17
3621 1882 72 77
3622 801 -40 -85
3623 7524 57 13
3624 2246 -93 -41
3625 5309 38 38
3626 7743 -41 -10
3627 4780 77 45
3628 1329 -29 -10
3629 3594 78 56
3630 7873 -95 -50
3631 3802 43 90
3632 2466 -61 -97
3633 462 81 4
3634 311 -52 -88
3635 7477 40 6
3636 5231 -11 -63
3637 266 1 49
3638 3070 -98 -90
3639 1534 33 43
3640 3364 -70 -30
3641 7904 65 49
3642 4564 -87 -94
3643 1920 60 20
3644 2106 -97 -11
3645 8437 72 7
3646 6950 -49 -83
3647 9738 73 87
3648 2646 -79 -5
3649 880 9 12
3650 7796 -24 -73
3651 164 79 90
3652 9995 -73 -21
3653 6420 3 69
3654 7419 -38 -72
3655 7747 24 26
3656 4839 -78 -82
3657 5693 22 68
3658 8824 -96 -93
3659 1327 69 9
3660 6287 -89 -44
3661 70 71 60
3662 5544 -45 -33
3663 4277 45 89
3664 8046 -98 -15
3665 3628 38 27
3666 16 -76 -95
3667 9192 63 93
3668 4986 -26 -91
3669 9139 81 10
3670 8857 -16 -27
3671 2834 15 79
3672 9382 -53 -88
3673 8061 66 5
3674 8499 -72 -21
3675 1410 6 29
3676 2588 -25 -7
3677 9400 68 58
3678 2761 -8 -53
3679 3216 70 51
3680 3965 -5 -46
3681 1591 88 92
3682 8055 -34 -52
3683 5216 85 62
3684 877 -15 -58
3685 7807 35 80
3686 1648 -75 -8
3687 2665 39 25
3688 5346 -72 -74
3689 5220 87 4
3690 7104 -86 -94
3691 1970 78 36
3692 5224 -63 -28
3693 7918 23 68
3694 2859 -19 -24
3695 2737 59 92
3696 3901 0 -88
3697 8096 88 34
3698 2175 -76 -21
3699 2000 54 36
3700 5656 -88 -30
3701 1999 19 20
3702 6842 -24 -37
3703 2359 38 76
3704 5171 -77 -31
3705 967 14 95
3706 5530 -37 -18
3707 2357 13 37
3708 6388 -54 -67
3709 3715 52 7
3710 4933 -60 -83
3711 2500 9 30
3712 2817 -4 -6
3713 9848 61 19
3714 4847 -78 -89
3715 3668 25 13
3716 78 -18 -97
3717 6501 34 92
3718 7178 -83 -62
3719 7490 52 65
3720 7164 -22 -20
3721 4421 67 12
3722 4033 -30 -62
3723 9561 82 16
3724 6525 -92 -46
3725 5112 26 12
3726 2464 -45 -48
3727 620 21 86
3728 3501 -79 -31
3729 6247 18 99
3730 4492 -20 -95
3731 9421 76 46
3732 8063 -9 -97
3733 7034 43 11
3734 3655 -65 -90
3735 7286 51 36
3736 4538 -32 -58
3737 1118 84 47
3738 4954 -5 -23
3739 3662 19 35
3740 5572 -83 -31
3741 3312 7 42
3742 1148 -71 -36
3743 6940 26 40
3744 2024 -16 -75
3745 9440 54 21
3746 5405 -51 -32
3747 7390 47 75
3748 4487 -63 -28
3749 1934 19 19
3750 1080 -42 -85
3751 7424 21 41
3752 6655 -92 -18
3753 2504 87 10
3754 9302 -49 -47
3755 9483 24 2
3756 7934 -88 -38
3757 9959 57 52
3758 8177 -8 -80
3759 9890 99 85
3760 6632 -12 -19
3761 545 19 65
3762 9519 -50 -97
3763 2192 86 24
3764 3159 -47 -1
3765 9239 35 96
3766 4105 -81 -34
3767 4807 69 60
3768 3830 -26 -44
3769 3149 61 3
3770 5477 -82 -79
3771 2029 87 36
3772 7618 -82 -38
3773 7906 73 99
3774 5846 -82 -4
3775 4333 15 68
3776 7242 -2 -20
3777 6811 32 61
3778 813 -73 -12
3779 2764 52 21
3780 8379 -66 -10
3781 5449 18 3
3782 9781 -56 -2
3783 169 60 82
3784 659 -94 -67
3785 4862 93 43
3786 4610 -42 -3
3787 1726 40 30
3788 5221 -29 -32
3789 1630 98 48
3790 9723 -79 -57
3791 7014 70 95
3792 5079 -98 -87
3793 2505 69 5
3794 1535 -15 -64
3795 2196 17 95
3796 8024 -45 -31
3797 9569 9 48
3798 420 -39 -64
3799 5210 34 65
3800 7419 -96 -41
3801 7109 55 82
3802 4801 -9 -56
3803 4200 97 46
3804 2787 -35 -62
3805 982 12 0
3806 9112 -21 -9
3807 953 36 95
3808 6129 -86 -74
3809 3952 65 72
3810 30 -79 -13
3811 2066 88 38
3812 3924 -53 -30
3813 2243 2 74
3814 7586 -1 -46
3815 7423 60 5
3816 432 -82 -72
3817 8097 13 96
3818 6424 -63 -12
3819 7680 89 89
3820 8555 -53 -65
3821 5998 94 64
3822 4071 -82 -61
3823 2022 34 64
3824 5487 -20 -79
3825 9984 84 49
3826 4778 -61 -46
3827 4206 68 59
3828 4697 -4 -11
3829 2307 17 63
3830 3000 -46 -4
3831 1539 67 43
3832 5821 -91 -92
3833 8168 24 2
3834 8111 -86 -34
3835 9692 26 73
3836 3867 -30 -24
3837 9695 28 45
3838 6105 -28 -78
3839 6893 78 81
3840 934 -85 -44
3841 7235 98 49
3842 1003 -67 -36
3843 1725 93 26
3844 4293 -63 -90
3845 848 11 7
3846 6372 -28 -95
3847 9956 5 42
3848 3846 -78 -89
3849 4488 67 96
3850 6693 -10 -20
3851 1193 30 8
3852 2339 -83 -94
3853 6102 48 45
3854 6798 -49 -8
3855 5687 77 94
3856 4839 -23 -28
3857 3845 37 21
3858 1197 -50 -40
3859 4619 62 92
3860 6893 -43 -29
3861 4753 55 55
3862 1463 -85 -54
3863 9606 36 14
3864 727 -6 -95
3865 3021 99 54
3866 641 -98 -50
3867 633 10 55
3868 9697 -68 -15
3869 5257 23 65
3870 8883 -64 -37
3871 8483 63 27
3872 2921 -86 -28
3873 4659 79 68
3874 9751 -74 -56
3875 1091 5 17
3876 3498 -44 -49
3877 6036 86 72
3878 8306 -18 -29
3879 4233 43 14
3880 9427 -30 -60
3881 8412 98 63
3882 5510 -81 -30
3883 285 68 45
3884 608 -56 -75
3885 8424 34 0
3886 5208 -73 -39
3887 5105 20 76
3888 3173 -62 -9
3889 9532 80 80
3890 9894 -59 -69
3891 3778 22 88
3892 2251 -44 -51
3893 9274 2 47
3894 5280 -8 -42
3895 3177 23 25
3896 4128 -67 -28
3897 9293 11 95
3898 240 -52 -30
3899 8558 4 63
3900 2626 -56 -27
3901 4194 49 10
3902 6987 -48 -44
3903 1397 42 80
3904 3849 -19 -86
3905 9853 67 33
3906 164 -93 -96
3907 6056 9 91
3908 2341 -61 -3
3909 4126 5 32
3910 6594 -23 -98
3911 3808 40 25
3912 3717 -33 -12
3913 9356 81 29
3914 4871 -27 -14
3915 8819 49 0
3916 5800 -33 -96
3917 5704 99 81
3918 1639 -94 -54
3919 8928 70 82
3920 7894 -66 -92
3921 9932 4 6
3922 7054 -64 -25
3923 6118 0 91
3924 9520 -67 -50
3925 5670 63 45
3926 5138 -28 -26
3927 2293 79 59
3928 5350 -26 -43
3929 2879 77 70
3930 1484 -82 -90
3931 264 88 2
3932 2378 -26 -7
3933 7064 89 4
3934 716 -53 -56
3935 9387 75 69
3936 7035 -3 -73
3937 9869 8 4
3938 7068 -76 -99
3939 237 35 63
3940 9023 -25 -3
3941 8685 90 95
3942 1798 -71 -41
3943 1727 53 17
3944 752 -16 -67
3945 5737 16 75
3946 8667 -17 -84
3947 4843 62 82
3948 1448 -41 -65
3949 5864 40 45
3950 7319 -63 -82
3951 3988 40 89
3952 5771 -42 -55
3953 9992 85 91
3954 1952 -96 -74
3955 937 13 84
3956 2473 -33 -37
3957 6372 72 90
3958 4585 -81 -37
3959 8592 53 2
3960 1692 -72 -92
3961 1603 23 92
3962 1561 0 -38
3963 8901 95 88
3964 9464 -24 -74
3965 3934 26 45
3966 9804 -65 -43
3967 4948 4 87
3968 8226 -8 -10
3969 2166 9 60
3970 90 -78 -78
3971 9450 32 35
3972 3422 -86 -41
3973 2366 82 41
3974 4645 -77 -34
3975 8343 39 1
3976 171 -92 -36
3977 4790 42 86
3978 2469 -41 -22
3979 8954 22 65
3980 2580 -1 -75
3981 6792 43 94
3982 7613 -43 -89
3983 8843 97 95
3984 1567 -24 -68
3985 5355 43 20
3986 6656 -20 -96
3987 8182 41 22
3988 7351 -64 -37
3989 507 42 72
3990 5401 -71 -61
3991 9602 62 11
3992 6569 -8 -77
3993 7730 35 24
3994 2452 -56 -71
3995 7933 86 96
3996 8923 -69 -30
3997 8082 0 4
3998 389 -24 -40
3999 2719 39 23
4000 7595 -16 -34
4001 3891 67 57
4002 8675 -95 -57
4003 155 12 88
4004 7260 -8 -25
4005 2383 89 20
4006 4257 -13 -92
4007 7708 51 42
4008 3739 -16 -47
4009 9705 80 59
4010 8895 -47 -35
4011 4816 87 20
4012 1234 -30 -90
4013 1166 65 49
4014 78 -84 -27
4015 6497 64 16
4016 3369 -9 -75
4017 6019 13 44
4018 7048 -8 -89
4019 4186 39 21
4020 7469 -4 -73
4021 6620 12 17
4022 2939 -61 -4
4023 2085 16 29
4024 8768 -19 -80
4025 1174 61 17
4026 1490 -71 -34
4027 6346 66 25
4028 2298 -12 -25
4029 7607 50 77
4030 295 -70 -43
4031 6956 49 40
4032 3755 -64 -87
4033 4954 51 13
4034 3693 -70 -73
4035 5552 49 30
4036 9834 -53 -68
4037 1714 11 85
4038 6163 -29 -82
4039 9165 80 39
4040 8384 -12 -86
4041 4692 70 6
4042 9906 -44 -12
4043 1199 80 0
4044 6719 -50 -15
4045 8665 63 11
4046 8509 -30 -18
4047 3329 4 47
4048 4061 -45 -40
4049 454 19 10
4050 9851 -63 -66
4051 3232 96 25
4052 5426 -87 -81
4053 7664 53 56
4054 6857 -15 -56
4055 5507 93 73
4056 9929 -47 -69
4057 12 59 69
4058 6037 -45 -95
4059 4373 54 51
4060 6743 -61 -62
4061 5812 29 75
4062 7920 -50 -95
4063 1924 8 45
4064 2809 -20 -19
4065 1126 0 30
4066 7913 -21 -55
4067 3080 91 29
4068 4614 -10 -86
4069 6411 86 9
4070 8875 -36 -42
4071 2393 44 54
4072 1132 -81 -38
4073 9791 86 60
4074 3727 -62 -92
4075 3168 67 20
4076 8638 -7 -29
4077 6007 32 8
4078 5954 -87 -18
4079 2570 92 67
4080 9747 -28 -1
4081 6289 34 62
4082 6832 -24 -16
4083 9558 31 23
4084 2386 -98 -55
4085 475 16 8
4086 1562 -61 -89
4087 130 33 15
4088 3326 -44 -95
4089 4344 42 16
4090 3632 -39 -22
4091 9274 93 7
4092 4873 -32 -5
4093 9378 26 76
4094 9841 -82 -43
4095 2179 45 83
4096 417 -65 -58
4097 3648 16 43
4098 6346 -81 -4
4099 4775 70 15
4100 4687 -14 -36
4101 1247 58 86
4102 2321 -4 -50
4103 2966 1 93
4104 2314 -27 -98
4105 2682 79 26
4106 6107 -66 -63
4107 6230 34 27
4108 4191 -12 -25
4109 7329 61 29
4110 7981 -16 -82
4111 230 79 71
4112 6786 -92 -6
4113 2966 53 7
4114 8420 -54 -31
4115 6072 77 84
4116 3648 -51 -78
4117 7822 81 0
4118 2733 -66 -59
4119 7263 0 66
4120 8469 -50 -35
4121 2027 90 48
4122 3091 -66 -26
4123 5414 84 39
4124 2035 -37 -84
4125 1273 14 88
4126 6713 -39 -61
4127 2757 87 80
4128 2533 -55 -94
4129 5893 61 65
4130 4569 -49 -3
4131 7649 88 22
4132 7213 -78 -64
4133 2657 84 26
4134 2507 -47 -63
4135 8875 19 34
4136 3880 -32 -33
4137 6020 62 29
4138 1875 -41 -9
4139 1969 5 84
4140 115 -23 -61
4141 866 38 77
4142 9471 -90 -66
4143 3103 62 11
4144 5642 -18 -95
4145 8987 94 77
4146 4940 -2 -92
4147 707 20 99
4148 702 -89 -33
4149 8752 57 36
4150 1625 -37 -12
4151 5510 87 5
4152 8510 -51 -67
4153 713 93 88
4154 8819 -33 -54
4155 9819 22 98
4156 2335 -63 -52
4157 6972 84 99
4158 6101 -47 -90
4159 1226 14 56
4160 8686 -51 -74
4161 4860 82 39
4162 2649 -94 -76
4163 1816 28 59
4164 9489 -94 -5
4165 9408 75 22
4166 5109 -73 -93
4167 3745 8 19
4168 2454 -32 -87
4169 6569 80 7
4170 8522 -61 -25
4171 486 56 14
4172 6350 -25 -76
4173 7351 31 38
4174 5129 -32 -82
4175 7920 45 65
4176 8382 -36 -45
4177 8353 32 19
4178 6042 -93 -17
4179 6944 72 15
4180 835 -22 -66
4181 6152 79 31
4182 6954 -36 -45
4183 4663 83 47
4184 5344 -40 -82
4185 8801 28 32
4186 8006 -30 -41
4187 7777 63 91
4188 6339 -3 -6
4189 5548 51 83
4190 2354 -88 -82
4191 9432 62 77
4192 4906 -45 -16
4193 6360 69 20
4194 1221 -76 -81
4195 995 84 83
4196 8406 -67 -71
4197 7387 86 86
4198 3011 -81 -54
4199 6025 39 46
4200 9721 -18 -95
4201 6496 11 61
4202 1567 -17 -34
4203 2874 58 69
4204 384 -53 -84
4205 5242 76 22
4206 2239 -30 -87
4207 2898 11 53
4208 6513 -43 -85
4209 5015 33 68
4210 2197 -55 -21
4211 9743 32 0
4212 3603 -95 -41
4213 3453 94 4
4214 9568 -44 -21
4215 9568 75 97
4216 2550 -93 -33
4217 8738 19 53
4218 8974 -7 -56
4219 3044 98 13
4220 1332 -85 -93
4221 728 13 45
4222 8475 -85 -53
4223 4177 83 52
4224 486 -18 -1
4225 3774 39 94
4226 681 -60 -96
4227 2834 48 64
4228 1076 -62 -70
4229 5892 26 92
4230 5300 -39 -15
4231 4524 74 23
4232 3728 -4 -15
4233 3214 3 62
4234 581 -83 -68
4235 217 19 46
4236 2929 -90 -23
4237 2453 28 67
4238 8525 -72 -10
4239 1080 95 27
4240 7973 -39 -92
4241 233 12 33
4242 8438 -3 -23
4243 7830 74 70
4244 8862 -35 -1
4245 562 65 47
4246 5093 -36 -87
4247 7812 41 33
4248 8574 -32 -69
4249 8931 10 94
4250 9334 -72 -80
4251 492 98 12
4252 6460 -71 -45
4253 6587 67 34
4254 7447 -32 -69
4255 8809 62 14
4256 3113 -46 -93
4257 2086 16 16
4258 8464 -58 -39
4259 2703 68 54
4260 8505 -41 -5
4261 1153 57 39
4262 6790 -26 -30
4263 8219 94 64
4264 3279 -21 -84
4265 6323 70 96
4266 7561 -45 -78
4267 4818 99 93
4268 7239 -18 -64
4269 7821 50 14
4270 9094 -42 -90
4271 884 10 14
4272 8195 -86 -92
4273 950 14 80
4274 9612 -21 -10
4275 5111 73 38
4276 407 -41 -47
4277 6946 7 25
4278 1910 -44 -82
4279 941 58 19
4280 1777 -32 -16
4281 9891 71 26
4282 218 -11 -7
4283 258 36 29
4284 4392 -81 -68
4285 1275 81 43
4286 3390 -45 -3
4287 8317 40 6
4288 6317 -84 -14
4289 9022 6 78
4290 6868 -88 -20
4291 3192 86 52
4292 9830 -34 -30
4293 1967 30 82
4294 679 -84 -51
4295 3498 59 68
4296 2665 -9 -10
4297 3352 92 49
4298 3708 -66 -56
4299 1462 57 10
4300 6289 -6 -65
4301 5312 69 96
4302 617 -78 -12
4303 2933 68 21
4304 97 -81 -94
4305 4202 77 70
4306 8769 -61 -97
4307 157 49 86
4308 9970 -89 -75
4309 7044 29 54
4310 1906 -72 -78
4311 1941 95 66
4312 5672 -7 -45
4313 1053 26 39
4314 4997 -59 -26
4315 9678 13 58
4316 5910 -29 -36
4317 466 23 62
4318 5027 -84 -74
4319 3424 62 31
4320 2586 -11 -8
4321 2056 48 52
4322 2226 -50 -57
4323 5394 8 53
4324 6172 -99 -64
4325 6398 54 38
4326 8871 -96 -80
4327 8995 18 61
4328 572 -45 -62
4329 9230 43 47
4330 7390 -62 -59
4331 6808 13 0
4332 8055 -19 -16
4333 7851 69 77
4334 1422 -52 -4
4335 4154 51 10
4336 2913 -76 -26
4337 89 41 50
4338 9376 -23 -18
4339 5973 72 1
4340 1000 -26 -14
4341 3628 8 44
4342 816 -23 -11
4343 620 38 7
4344 4086 -73 -36
4345 7615 25 63
4346 1028 -37 -2
4347 6739 73 96
4348 383 -14 -45
4349 4118 77 52
4350 7288 -86 -52
4351 20 70 63
4352 2642 -80 -16
4353 6961 28 3
4354 9272 -8 -25
4355 9637 4 21
4356 227 -25 -37
4357 7587 20 75
4358 8239 -3 -22
4359 88 33 65
4360 6543 -80 -61
4361 8732 56 5
4362 8160 -74 -46
4363 4694 19 64
4364 6006 -54 -3
4365 1867 69 36
4366 3442 -75 -62
4367 6320 28 29
4368 5841 -94 -44
4369 1675 80 81
4370 7865 -11 -48
4371 3531 69 23
4372 1337 -78 -7
4373 1463 27 77
4374 1895 -54 -13
4375 5168 60 52
4376 9680 -44 -87
4377 1094 7 16
4378 5007 -87 -45
4379 18 77 37
4380 3661 -32 -50
4381 998 32 39
4382 7560 -63 -41
4383 4974 74 48
4384 1620 -88 -70
4385 2383 24 7
4386 4949 -86 -58
4387 1230 56 45
4388 2448 -73 -40
4389 5030 98 86
4390 3980 -33 -71
4391 2739 77 85
4392 3419 -50 -81
4393 9007 39 72
4394 4017 -32 -13
4395 4839 76 88
4396 2499 -34 -46
4397 1134 63 5
4398 7816 -94 -25
4399 918 19 21
4400 9951 -52 -74
4401 8641 92 77
4402 8356 -31 -67
4403 5905 95 70
4404 4613 -47 -7
4405 5194 83 3
4406 2152 -92 -49
4407 5318 87 34
4408 3210 -97 -6
4409 1512 65 63
4410 5071 -55 -95
4411 234 15 73
4412 5381 -54 -50
4413 5337 68 43
4414 4706 -28 -53
4415 5005 8 3
4416 3335 -2 -13
4417 5654 13 18
4418 5887 -92 -11
4419 1007 1 94
4420 209 -83 -87
4421 3518 22 79
4422 9990 -95 -68
4423 3662 82 6
4424 4652 -19 -42
4425 3047 83 7
4426 6834 -49 -73
4427 6185 87 71
4428 5690 -80 -8
4429 3052 54 58
4430 8610 -87 -35
4431 1448 46 58
4432 5418 -3 -95
4433 222 86 40
4434 9660 -11 -94
4435 6987 41 58
4436 2709 -63 -43
4437 2388 37 26
4438 7108 -75 -17
4439 287 16 62
4440 3073 -25 -33
4441 7245 52 4
4442 1095 -46 -87
4443 9479 15 78
4444 8339 -28 -65
4445 9216 27 85
4446 7389 -14 -63
4447 6532 59 92
4448 1573 -4 -94
4449 25 31 35
4450 8503 -89 -28
4451 1298 30 27
4452 8464 -15 -32
4453 3194 45 37
4454 6730 -93 -18
4455 7366 26 41
4456 6652 -50 -55
4457 6297 16 54
4458 8667 -45 -70
4459 6487 41 24
4460 1075 -16 -63
4461 2439 83 55
4462 2870 -29 -10
4463 8213 68 20
4464 1977 -87 -80
4465 7898 59 48
4466 6642 -94 -73
4467 4717 88 29
4468 9335 -31 -98
4469 9827 92 18
4470 5687 -99 -10
4471 8901 57 57
4472 4437 -14 -92
4473 7725 30 65
4474 4818 0 -24
4475 6379 64 88
4476 2618 -31 -4
4477 8982 53 24
4478 5250 -37 -81
4479 4663 56 25
4480 3032 -60 -31
4481 8948 41 59
4482 5211 -11 -36
4483 3658 43 53
4484 3358 -89 -15
4485 8451 92 52
4486 7097 -31 -66
4487 7045 96 70
4488 5673 -9 -98
4489 3753 20 49
4490 6851 -96 -1
4491 8347 6 39
4492 476 -6 -30
4493 5876 41 47
4494 7896 -92 -28
4495 3706 13 21
4496 7671 -84 -26
4497 1693 60 20
4498 1805 -10 -12
4499 924 48 22
4500 9751 -5 -92
4501 1567 68 60
4502 4791 -89 -47
4503 1497 22 79
4504 365 -78 -22
4505 2187 57 13
4506 439 -44 -85
4507 8964 20 16
4508 1822 0 -28
4509 3271 41 70
4510 9183 -18 -78
4511 4250 97 86
4512 981 -43 -84
4513 5637 77 77
4514 5889 -5 -85
4515 5567 66 58
4516 9291 -71 -38
4517 1108 60 24
4518 2592 -6 -67
4519 8424 45 58
4520 5148 -68 -13
4521 8280 8 89
4522 2311 -14 -47
4523 9042 52 68
4524 1385 -1 -83
4525 649 41 27
4526 8797 -95 -93
4527 921 63 77
4528 3626 -65 -52
4529 7906 67 81
4530 1913 -10 -34
4531 2910 68 73
4532 9230 0 -32
4533 5621 92 98
4534 1649 -95 -94
4535 6804 87 99
4536 9035 -43 -42
4537 2183 64 82
4538 8049 -55 -65
4539 6054 62 34
4540 2999 -30 -60
4541 5925 56 73
4542 2647 -86 -95
4543 5586 60 90
4544 8846 -46 -3
4545 192 41 41
4546 6891 -23 -40
4547 3492 99 13
4548 5431 -26 -19
4549 4467 35 3
4550 6173 -12 -83
4551 6337 27 27
4552 2820 -68 -47
4553 8119 94 8
4554 1819 -55 -25
4555 9676 69 38
4556 7136 -19 -53
4557 9590 82 87
4558 7218 -24 -88
4559 4501 33 36
4560 2795 -55 -30
4561 1112 13 54
4562 1035 -99 -64
4563 6226 79 2
4564 1480 -18 -72
4565 165 52 47
4566 4291 -46 -44
4567 9401 13 95
4568 5890 -77 -93
4569 2112 45 89
4570 2373 -19 -36
4571 7535 31 92
4572 4615 -26 0
4573 9681 79 81
4574 27 -31 -53
4575 4377 75 99
4576 7120 -42 0
4577 5948 67 81
4578 2245 -88 -32
4579 1593 76 2
4580 9462 -69 -45
4581 3173 18 71
4582 1740 -37 -26
4583 1426 30 68
4584 1747 -20 -32
4585 3151 59 77
4586 6411 -36 -5
4587 2558 10 71
4588 9309 -33 -11
4589 12 7 84
4590 3640 -59 -3
4591 9224 10 94
4592 1932 -86 -14
4593 3133 5 76
4594 8420 -97 -35
4595 2630 48 58
4596 9544 -11 -45
4597 5359 74 79
4598 5294 -74 -65
4599 7299 6 19
4600 4161 -28 -84
4601 9505 10 11
4602 2314 -16 -95
4603 4767 75 17
4604 5458 -30 -43
4605 2976 70 78
4606 7284 -47 -51
4607 4266 34 11
4608 9382 -66 -15
4609 1279 8 34
4610 7513 -9 -69
4611 9502 80 96
4612 6453 -59 -87
4613 9799 21 39
4614 2227 -99 -42
4615 3594 90 29
4616 20 -84 -20
4617 2428 58 82
4618 3891 -57 -61
4619 7095 33 77
4620 7439 -62 -81
4621 9501 36 70
4622 4847 -31 -79
4623 1889 67 28
4624 5981 -83 -92
4625 8201 49 91
4626 1488 -23 -16
4627 7994 53 57
4628 6117 -12 -15
4629 1250 43 30
4630 7530 -79 -57
4631 9422 45 2
4632 5165 -3 -1
4633 2427 86 8
4634 870 -71 -92
4635 1660 44 41
4636 4864 -26 -70
4637 8005 60 21
4638 8463 -38 -86
4639 6575 33 4
4640 8376 -23 -80
4641 7333 54 11
4642 9924 -34 -41
4643 5566 15 69
4644 4768 -6 -34
4645 2254 33 33
4646 2253 -74 -8
4647 5382 49 48
4648 8276 -28 -79
4649 9692 1 57
4650 2387 -43 -40
4651 1872 83 9
4652 580 -8 -98
4653 665 78 68
4654 2150 -91 -11
4655 5837 30 73
4656 2069 -61 -66
4657 1246 58 4
4658 9428 -80 -68
4659 4423 89 42
4660 1465 -16 -67
4661 3385 73 34
4662 797 -11 -13
4663 9473 86 55
4664 778 -43 -52
4665 4828 81 39
4666 2759 -10 -46
4667 1665 69 82
4668 9214 -24 -48
4669 3549 74 17
4670 1881 -87 -88
4671 2838 44 69
4672 1176 -23 -87
4673 6701 1 7
4674 7451 -73 -4
4675 2270 57 80
4676 4832 -88 -41
4677 6892 80 12
4678 1319 -14 -10
4679 9305 97 90
4680 8424 -94 -12
4681 7766 91 40
4682 8333 -20 -19
4683 499 56 71
4684 6860 -18 -16
4685 7176 41 7
4686 6471 -27 -7
4687 5720 6 80
4688 6453 -84 -87
4689 7812 39 56
4690 2846 -6 -67
4691 4968 5 91
4692 2037 -59 -25
4693 6532 35 3
4694 2963 -72 -95
4695 7937 69 57
4696 9270 -83 -94
4697 2 31 82
4698 4248 -34 -13
4699 9059 14 8
4700 4592 -43 -37
4701 6691 77 47
4702 4645 -47 -69
4703 6449 19 64
4704 5929 -51 -58
4705 6624 61 72
4706 5816 -97 -40
4707 2741 15 36
4708 5920 -90 -70
4709 672 95 43
4710 9912 -87 -86
4711 4413 25 34
4712 5237 -95 -45
4713 550 80 68
4714 3669 -36 -3
4715 7850 53 1
4716 137 -79 -27
4717 7276 93 89
4718 6759 -4 -14
4719 9534 6 90
4720 6776 -57 -50
4721 2761 40 87
4722 6922 -30 -39
4723 5463 96 51
4724 3107 -77 -56
4725 8403 82 67
4726 7329 -42 -9
4727 1542 86 21
4728 3487 -6 -64
4729 5127 47 54
4730 1116 -10 -81
4731 4644 44 20
4732 9049 -49 -46
4733 972 20 98
4734 3284 -80 -33
4735 5513 62 15
4736 2992 -96 -27
4737 2002 68 48
4738 507 -93 -23
4739 7131 33 96
4740 6237 -62 -87
4741 3448 65 9
4742 3153 -15 -41
4743 8320 63 29
4744 3197 -32 -99
4745 1949 10 36
4746 1365 -71 -25
4747 8197 20 57
4748 7545 -50 -57
4749 6631 21 42
4750 9144 -42 -17
4751 1874 32 32
4752 877 -12 -92
4753 2792 39 88
4754 3472 -12 -60
4755 6980 32 93
4756 7755 -70 -51
4757 609 8 89
4758 1733 -38 -79
4759 4724 40 14
4760 1234 -51 -61
4761 9221 68 47
4762 5355 -5 -69
4763 8609 6 8
4764 2343 -82 -15
4765 2702 3 87
4766 9432 -29 -36
4767 4169 89 2
4768 7093 -18 -18
4769 4791 64 70
4770 4223 -8 -84
4771 689 47 15
4772 8604 -10 -38
4773 3501 25 40
4774 7087 -22 -47
4775 24 98 92
4776 6186 -98 -98
4777 3410 28 1
4778 1970 -1 -1
4779 8986 66 42
4780 2312 -9 -31
4781 256 74 68
4782 7718 -29 -80
4783 157 77 44
4784 8154 -4 -19
4785 8624 87 53
4786 8660 -64 -62
4787 2944 12 33
4788 2619 -97 -33
4789 1051 29 17
4790 3109 -32 -21
4791 7500 84 53
4792 3634 -47 -80
4793 5896 42 4
4794 9313 -37 -91
4795 1682 82 77
4796 7554 -74 -40
4797 1124 53 61
4798 4728 -64 -24
4799 9315 63 58
4800 6432 -77 -76
4801 6005 1 74
4802 3774 -71 -76
4803 606 36 45
4804 8055 -99 -63
4805 440 43 86
4806 5929 -14 -28
4807 8596 10 67
4808 7103 -66 -41
4809 5610 25 36
4810 7581 -85 -75
4811 2174 94 38
4812 2740 -69 -73
4813 879 84 65
4814 9210 -44 -82
4815 3888 24 39
4816 6615 -81 -92
4817 7552 65 53
4818 1994 -40 -21
4819 7857 35 14
4820 3718 -57 -45
4821 1490 53 38
4822 8038 -48 -77
4823 3912 37 51
4824 7081 -62 -59
4825 4618 10 41
4826 5930 -39 -37
4827 2903 71 18
4828 5211 -98 -75
4829 9271 86 21
4830 5 -39 -24
4831 727 20 39
4832 4907 -43 -19
4833 9409 14 94
4834 7749 -45 -80
4835 3339 13 58
4836 8329 -79 -87
4837 5089 80 25
4838 9170 -67 -94
4839 4229 1 67
4840 6546 -98 -96
4841 8183 80 19
4842 7491 -63 -42
4843 9188 35 79
4844 2166 -40 -21
4845 4461 54 33
4846 2604 -39 -27
4847 7171 80 50
4848 6737 -88 -49
4849 9919 75 28
4850 3024 -41 -6
4851 7629 52 7
4852 2360 -94 -28
4853 551 93 8
4854 7544 -31 -78
4855 8634 92 18
4856 8951 -13 -15
4857 3518 23 13
4858 5554 -61 -66
4859 6094 59 89
4860 966 -64 -46
4861 5775 30 14
4862 897 -65 -32
4863 1137 57 8
4864 5597 -96 -84
4865 311 74 68
4866 3496 -83 -2
4867 7705 55 79
4868 8614 -22 -21
4869 6685 55 74
4870 7890 -69 -3
4871 7319 48 62
4872 5383 -42 -80
4873 7048 17 18
4874 6634 -69 -5
4875 177 17 32
4876 3529 -87 -88
4877 5175 87 13
4878 6518 -74 -94
4879 2502 1 5
4880 2547 -27 -25
4881 1969 89 64
4882 7882 -28 -63
4883 4046 11 48
4884 6988 -88 -39
4885 1413 80 43
4886 157 -97 -74
4887 6353 24 27
4888 4366 -26 -31
4889 53 48 59
4890 7492 -87 -3
4891 378 52 53
4892 4125 -96 -20
4893 3185 32 26
4894 3780 -79 -11
4895 4740 27 90
4896 6445 -17 -50
4897 3062 90 66
4898 1659 -17 -61
4899 6607 81 1
4900 1285 -94 -32
4901 8781 95 19
4902 8888 -5 -37
4903 9172 61 66
4904 5529 -18 -3
4905 4429 83 23
4906 3593 -53 -25
4907 2419 54 94
4908 1833 -61 -78
4909 5893 62 27
4910 3422 -46 -84
4911 3223 53 94
4912 5799 -45 -1
4913 6190 32 18
4914 8907 -15 -36
4915 6524 20 81
4916 2851 -50 -92
4917 8049 58 83
4918 9560 -49 -12
4919 463 15 26
4920 4965 -74 -12
4921 7176 75 83
4922 1800 -24 -88
4923 3330 75 89
4924 4774 -87 -55
4925 6871 88 99
4926 2063 -23 -33
4927 7278 48 91
4928 6097 -55 -96
4929 8543 52 90
4930 5088 -17 -96
4931 7589 41 29
4932 9748 -23 -35
4933 3099 84 95
4934 5489 -8 -40
4935 3560 43 31
4936 2460 -80 -21
4937 2760 90 9
4938 5639 -75 -37
4939 7179 48 43
4940 9522 -3 -51
4941 712 45 11
4942 3363 -47 -24
4943 6014 69 51
4944 527 -86 -61
4945 5586 68 76
4946 798 -52 -57
4947 4060 53 11
4948 8058 -60 -94
4949 9495 33 46
4950 4928 -60 -94
4951 640 88 6
4952 7168 -88 -86
4953 8124 99 2
4954 8761 -77 -15
4955 7207 27 76
4956 2343 -93 -90
4957 2125 99 32
4958 8813 -15 -36
4959 6741 94 58
4960 8656 -21 -29
4961 8160 27 69
4962 9299 -22 -10
4963 1781 77 8
4964 7630 -68 -99
4965 910 91 31
4966 432 -83 -81
4967 8677 75 45
4968 7730 -18 -97
4969 8491 10 7
4970 6667 -78 -27
4971 8009 48 42
4972 1555 -99 -68
4973 9580 79 83
4974 5119 -82 -76
4975 4785 96 18
4976 2909 -36 -78
4977 7991 59 11
4978 8224 -28 -21
4979 7180 25 24
4980 6841 -4 -48
4981 4683 52 94
4982 2194 -65 -90
4983 9113 20 54
4984 2451 -10 -67
4985 1764 47 95
4986 2413 -42 -78
4987 3454 69 59
4988 7136 -82 -88
4989 759 65 15
4990 4310 -80 -80
4991 1814 32 46
4992 3342 -61 -15
4993 7046 12 34
4994 9671 -81 -70
4995 2946 75 62
4996 9644 -90 -55
4997 6599 39 65
4998 3241 -2 -49
4999 7580 89 37
5000 6487 -77 -9
