319
3770
6351
2976
9472
6290
4828
8664
1880
1595
9925
8598
519
1607
8409
4179
3320
6213
9432
4265
738
6525
216
4970
306
38
211
3352
8624
1922
5571
4189
2296
4145
7795
9147
3602
2158
5879
6029
7169
9097
1696
6684
1912
6265
237
6802
3695
1662
2139
7929
1460
1411
2392
8932
9643
8465
1385
8558
9581
8853
1648
8243
6497
315
9142
8783
7510
2092
3991
679
1209
1489
3124
2484
195
350
7170
2705
2023
6954
3023
6507
8945
4892
3151
2335
1630
8806
6454
6272
2151
5978
7207
3056
6889
7142
1179
5411
7038
6785
6130
4824
2389
2604
3769
1491
5554
490
1711
1886
2790
6793
6393
6187
2792
2552
7442
6307
8983
9060
4938
5369
5571
3892
8815
2900
599
4198
8312
8442
3448
4176
7386
9632
5988
9674
5191
3968
7572
8704
1049
7707
1096
8046
1222
1668
4854
6624
3311
9479
6255
7801
4121
1695
1678
4254
1747
7055
4071
3312
3461
4537
7933
1212
4614
4853
9075
8361
7475
2589
502
492
4447
7344
1731
6049
624
18
4668
654
5750
8206
8569
2407
2799
9398
168
7752
5448
1147
1837
8204
4307
5346
3409
5956
7456
7328
5289
2811
3953
6307
1206
8781
520
9053
3597
4832
4955
1200
5986
1789
6802
2723
5303
486
8863
4238
3107
6882
3699
1261
4472
3765
4238
8804
6614
7709
9543
6427
6088
8343
3872
1181
7145
9517
7296
7779
5259
219
5583
9238
1867
5061
1943
7886
343
154
7771
6804
9038
1548
7137
3256
1902
2300
2401
9810
134
8611
2579
6932
6245
6906
3054
6736
2835
8393
1658
7065
1237
3966
6632
4985
8348
1393
4133
2519
4894
4030
1408
7401
2557
2105
1276
4491
4058
7339
7824
6862
5154
1303
839
4863
9245
7714
6636
6532
1395
5079
9329
2892
8128
487
4305
2110
8661
5914
8461
6792
4116
2154
3509
8784
7509
4944
741
4120
6310
8203
3319
420
5110
645
4403
4327
7083
56
2856
7579
4807
9264
7078
8013
5012
658
3055
7939
8838
3732
6518
5668
6487
5325
2959
6687
456
4907
8044
4551
2173
6484
1836
1675
4898
7406
9410
7503
9057
454
3697
6165
4253
8385
773
7945
9655
6007
28
7518
9092
4324
3858
8747
912
2416
4681
3516
5592
1357
6262
4876
4995
1556
5286
7222
1279
8900
7345
985
905
717
1638
9853
8439
3406
6717
7530
4215
6956
7110
2051
8257
2915
8677
9518
6499
3948
2174
6194
4927
1796
4705
8312
7711
4266
3981
9631
6234
5162
2914
1611
4828
4090
4866
3196
2414
5096
3997
7164
5508
380
9667
7104
5233
889
7614
3670
7454
6561
6416
1370
6272
5379
2378
1607
4249
1712
5454
4786
8259
1984
1682
9785
9047
761
9808
9509
7749
6169
5361
2925
4469
1462
9938
6195
5978
4540
1891
7130
3190
1624
6219
7104
6129
2991
3168
3918
8642
620
3808
9957
392
366
7476
2959
6033
2298
7031
903
7619
4834
8363
909
9513
3453
5366
2506
5001
1642
2426
4313
6074
4222
1296
7126
2922
2184
9758
2950
968
9073
2408
3621
6926
7708
8679
1293
6299
8804
8477
2998
5568
7270
7956
62
2271
2970
8165
5907
7446
7281
6012
8119
1692
1228
2172
890
7851
8476
5666
3204
2342
8477
5775
6304
2040
8553
5702
5786
1011
3776
6914
2096
6430
652
6351
2515
1251
2021
2683
6404
2149
6677
5887
3539
134
7698
7599
5570
662
1139
2355
5373
6417
4045
3399
2174
461
7460
3906
1380
5000
9661
5122
1572
5676
3661
3061
8833
5473
9060
3637
899
15
293
8998
8904
7266
3710
1036
4564
6641
514
3528
660
458
3334
2119
3105
9562
593
9960
8710
1774
443
9654
9096
207
3245
7510
6330
4052
9735
6863
7175
7471
7782
7669
5776
7301
5680
3215
7606
3716
4605
3945
4435
1737
7858
2538
703
5130
6444
955
1524
4041
5400
5601
3946
7740
1168
3649
8679
5139
5079
6924
4024
9782
9628
6383
8202
9505
9617
1788
6152
8546
7784
8297
2261
7483
9707
5649
2906
399
7251
7937
4803
5068
8464
2820
2295
3273
4380
4038
8292
2324
8262
2159
1328
7207
7472
9895
427
9850
8613
772
6554
8482
190
957
2009
3658
6632
3278
9552
9412
5817
4737
826
3149
3864
329
1364
1373
6403
784
8139
7614
6443
4076
1076
5315
3577
2821
7976
1008
4624
954
4553
6637
2107
7921
1351
4884
6505
9
8984
4948
1107
6103
9164
8864
9076
8638
30
3644
4458
1167
3908
276
8397
7309
7589
1129
7613
6853
4670
9259
8905
3045
2135
9094
1762
6007
5244
6942
4889
1104
95
4629
7637
5471
760
4315
1854
8834
5423
3543
2380
5481
426
8322
7805
3407
1400
3119
3720
1667
4262
463
2042
330
5617
9386
8877
8001
8982
4622
2250
1041
4153
9135
8707
8783
4431
2632
3918
4997
5296
3256
82
1498
4350
2890
3350
7460
22
225
5664
4632
5989
5472
5784
9149
7520
5013
8109
1214
6413
2411
4078
7275
1441
8911
657
6268
6482
1796
1498
4927
4050
8441
3324
403
8323
581
7691
5680
2526
3208
3199
2316
5154
9671
4164
5564
2842
1488
1384
4481
2951
9409
435
2587
1608
762
3567
4657
852
2808
1981
2689
6379
6389
7409
3296
8499
3141
4703
9617
6524
8739
4622
4239
2941
6998
341
9347
9154
6797
7383
2179
7044
8284
8454
8729
4715
6389
5612
9785
506
4661
723
6697
369
3506
2334
4562
9184
3360
5820
764
1244
532
564
7578
4697
4121
9226
3184
9509
6157
6234
2578
3490
4211
6923
6804
3734
2616
755
3694
1955
8866
8495
1673
8403
3671
3170
4731
2569
8292
3176
187
5232
2900
7735
2297
6301
7441
5748
9920
8609
6739
542
3477
9533
6564
3672
6959
9266
791
1906
3899
7735
3482
931
5260
4417
9185
7521
7810
4198
6545
1604
6101
6612
1200
2617
4625
532
1729
3307
9160
4299
2330
6815
9516
2597
2512
2978
5782
4525
1785
381
3044
4920
3912
9708
5903
9746
2167
3349
3379
3602
1169
9096
4284
2579
1144
1913
2756
2291
4223
9924
8901
4599
7217
8615
3036
7528
3028
1046
623
1382
2888
7041
3853
7376
541
75
2830
288
9698
2323
8694
2850
277
1656
4176
2271
4727
4003
4563
5017
1602
98
552
4308
2436
2743
7557
6037
4691
4387
126
3727
3695
3806
4565
9797
8444
641
2728
5946
7000
3672
137
9578
4261
9477
3550
788
1226
2540
4659
4591
8917
6166
5662
3783
498
8088
219
2738
3370
4923
3650
3418
4508
203
8674
3478
5942
8190
7788
470
3498
9910
1263
4819
3113
2224
6690
8039
8039
1258
3505
5893
2702
6333
256
7556
3460
2650
2976
6422
946
3966
4930
9674
3822
6524
6574
6727
5916
7131
6107
8466
1084
87
8946
6360
3941
3434
9901
2079
6630
3507
5676
1429
5026
4311
9543
2272
588
1151
4133
2866
2800
5225
9567
7517
1038
8452
7289
4473
4576
699
7693
4077
6152
6447
893
2321
8351
4449
6781
9981
6187
336
6207
1959
3034
1537
8007
4436
5594
7343
7102
7624
4855
272
8787
4918
5782
5232
1599
3318
4257
5077
8844
9960
7992
6812
2386
7281
7855
5899
9881
7965
1726
8993
8469
1690
6957
2054
6024
6094
9434
6993
8558
1743
6695
2289
4151
740
819
5188
5935
3734
1848
5197
7872
2479
9988
932
5489
8488
8
2229
1802
3063
4555
9139
292
7393
9340
4160
2837
6727
7701
2059
8953
3942
910
6947
8150
9005
200
929
4077
2291
4923
4179
8381
768
7093
9898
9638
2080
6122
4275
438
1596
4876
7800
6489
8799
6807
8699
2142
6305
8671
6961
8626
6623
4786
6275
7417
6947
1265
6166
7813
1952
7427
7254
748
2627
3969
3910
618
945
8936
9677
2371
6510
508
8529
7213
3836
2642
4952
428
2414
682
4476
8462
2757
1973
7399
2073
302
4943
3360
4030
4972
2859
1869
1569
3911
3700
9495
53
2291
467
2709
4670
7683
389
590
3826
4031
526
7284
8106
6671
3396
5407
4305
251
8000
7072
3531
9574
3436
5559
6633
2038
6747
6082
8415
6911
3372
3683
612
2550
6501
4226
8115
1342
9966
7467
3649
5995
878
5215
4444
4952
1755
7179
7571
7401
8984
2346
460
132
3915
9155
2172
224
1859
5729
9618
2085
1160
4628
4801
6390
7919
5329
5300
7197
4761
6483
432
7507
8148
4154
2916
7066
901
8688
8912
7107
3639
525
3026
7234
9288
6331
1703
7932
8282
7618
96
6789
9508
8930
3218
9300
4479
4526
8305
9536
9609
4724
7325
1263
917
4598
6489
8820
1580
2394
5599
9219
2554
2039
9192
266
8168
9928
9153
9034
8986
6430
531
936
9624
8077
9752
7681
5367
8594
5917
9164
8315
1565
5375
8296
2612
9370
1259
8760
9705
3111
1966
9997
8860
6169
2996
118
2577
5244
3049
8587
8593
1954
6731
5293
4220
613
95
6493
3723
4203
3792
8034
9192
9231
2102
2344
4669
8134
7477
2623
9232
4970
946
6196
7390
5561
2682
9729
2868
4865
4652
357
8039
6391
3678
806
2579
5204
1851
154
4427
7336
1853
1504
7883
7555
3537
8616
3029
361
5564
7701
4862
9853
9604
3364
7141
9562
3670
9948
1636
2534
109
2261
3499
1077
2882
3647
8261
9544
7041
2896
9418
4722
4033
4013
7624
2140
6043
9622
4130
9500
3676
9232
3250
1630
9593
6067
6842
3951
504
3627
6180
2006
1885
514
8431
6794
1793
2076
6997
4254
2693
4860
5590
4452
4914
5157
4999
1274
1438
2057
6869
8666
6657
6679
993
8805
7981
1856
6438
7589
6943
717
6375
199
2479
8048
3172
1043
7934
413
1182
6305
1349
7854
9032
5676
5469
258
1621
1693
1655
6659
8600
718
8696
7542
962
6277
2548
7567
9861
6288
8101
6762
2235
5127
3475
5076
7380
9055
1187
5679
8901
4710
7898
2606
493
5498
602
5845
2729
7320
1449
560
6059
1929
71
3803
4786
5599
9729
6396
3502
788
9693
5708
2430
6085
4001
4093
3801
9851
5445
3351
8276
2092
4255
4720
9653
5455
969
8619
9001
7762
7342
6202
7740
1119
3670
7208
2349
1604
8026
7162
1030
4352
4832
4810
6303
9038
4911
2543
3532
9753
8339
9896
4309
3295
2634
3288
7687
1115
3142
4065
3030
50
8496
5994
5796
9103
4787
8463
4365
3513
7924
5402
3725
4669
6680
1439
8263
4209
8887
8538
3200
3774
1263
9386
5446
5758
1092
3890
8504
4386
3225
144
3107
769
862
3922
1040
6919
8252
2682
9444
7092
3822
7584
3285
1217
3644
3126
6911
4883
5876
2547
3367
502
6244
7581
6512
7295
3635
3712
8053
1185
8903
7020
3594
2287
2681
4426
9144
2945
9700
2678
9509
6744
8447
7523
8075
7677
6158
9350
2010
7484
4869
4048
2252
6988
4072
896
1484
3417
7613
6726
3450
6598
5535
5057
1171
9637
5923
2827
7771
7426
1024
2335
3355
6185
267
2646
4943
2432
9369
5989
8339
9111
5892
6488
6849
9837
5401
3756
4208
9805
8332
6091
5831
266
1253
5908
2932
5660
9371
7492
4607
515
2874
1044
3839
4387
5864
1146
9486
4093
6849
4418
1143
796
1881
7073
3042
6557
9097
6470
9541
3635
2141
7234
8504
4647
4776
594
402
1930
3708
3983
1966
3455
9760
3559
8105
2578
3553
567
4544
3244
3691
1346
6868
73
5683
8347
3317
1845
1524
6757
1672
9273
9487
9598
7743
7513
5238
5549
3774
7524
2777
3492
8226
2525
927
7523
5783
3453
1202
6750
662
5371
2877
803
6151
2519
7285
8097
7081
1545
8862
3750
7105
2248
776
9612
9326
1888
2873
63
3046
7685
5157
3313
5825
1292
6758
6940
7819
8962
4828
7211
5761
1350
568
8089
2491
980
5327
9591
5828
8636
9202
8035
8388
6126
2880
9283
7657
1755
5800
2226
8091
2156
2917
3885
303
3645
834
9010
2463
1541
6778
9617
2218
9533
5956
4067
5822
6948
3198
5993
3583
3816
3892
7860
1213
9822
4242
1825
6542
7318
2539
5163
4067
883
3993
2334
770
3739
3144
7731
4074
2630
9072
7900
9035
3277
554
7496
9343
4150
298
3770
1069
8535
3892
3906
9480
699
2814
8887
2846
4829
474
4635
7652
7113
1722
7065
315
3919
2554
6456
7704
6454
8101
4982
2002
6718
7383
1790
6878
5226
7322
6476
2942
8338
1454
7642
868
8977
5136
1860
6182
9562
6263
2795
5595
9752
8626
1129
5606
2304
1394
3916
781
8946
7337
6605
2988
5929
8273
1505
6219
8655
1362
7573
8578
2667
9518
3951
9917
6671
4699
7705
7204
7845
4065
7484
5067
4980
9133
2640
4064
3007
5010
7689
8849
2352
8200
6432
5582
1243
12
9750
4454
577
7296
6448
1036
2108
1305
7711
600
1995
8340
7344
2102
4167
1329
599
9441
3624
8684
187
5404
2475
3087
5903
5587
463
8203
7145
3066
1863
9782
2555
9546
5379
1496
2366
8933
6230
6899
4608
2295
6426
7233
7543
7132
530
3449
8691
3850
6751
4837
3571
1793
7511
3736
7738
2513
82
4973
7961
1773
4257
8177
4782
9168
2845
3167
7446
6084
3015
3678
4522
6553
9780
1288
4698
8094
74
5093
5920
9138
4507
838
465
5734
3861
8955
5073
3918
6407
4656
1996
5918
605
6585
992
8413
7758
2240
7437
5542
2792
4485
1183
2308
8448
4890
4940
760
5369
6754
9814
1280
8714
7498
428
1427
5590
8599
6017
9796
1186
94
461
9043
3788
3443
3126
2415
9258
1806
3421
7047
6985
1951
5100
6395
6962
460
6241
8756
2891
7671
2181
1794
5191
610
9072
3466
3746
644
5097
8064
1368
1695
7513
4750
1108
317
1418
1839
1358
5441
7848
5173
3482
7506
303
5092
7448
1969
5602
8758
6989
6772
7972
2425
5728
6167
8022
9557
8493
7903
2421
5808
3672
5213
7662
6551
6933
6977
468
2152
7949
2449
557
8221
2190
2989
1563
9512
1795
281
6395
9569
9170
9422
1762
6673
2298
9885
10
2224
8420
8042
9766
7598
408
6274
9810
7133
7259
624
3339
8768
1165
6261
7122
7531
891
5295
6202
59
4548
5041
1749
1195
4755
6676
7075
2117
4690
1197
6518
9685
2433
6854
3655
9574
3032
8879
1719
1103
1147
5196
2906
1561
9280
4718
8726
1524
724
4257
467
4277
3513
2945
2189
3720
7610
825
5429
4297
8961
7790
4209
2150
3086
5755
4699
9203
3182
5566
2839
9283
5303
6681
8832
4448
2285
428
9080
306
4115
1121
4110
1142
8197
5696
1120
4132
4072
4175
2410
7714
6589
9820
6563
7722
5711
559
7460
8831
8309
5633
6968
2177
8466
5578
2411
3684
6704
9190
7742
9391
7585
7822
1311
8377
5672
2942
2605
7302
5009
7188
1978
6596
8873
6347
2040
8154
4299
1270
7667
4714
8100
6481
256
2837
1515
4610
8885
7447
6236
5364
3
7263
9138
8828
717
8496
1234
9350
3517
5910
9162
5139
4068
5963
1397
284
757
8763
481
9422
3212
6325
2872
4553
6342
2441
6583
4446
8576
4497
1103
7813
4657
1536
2092
6756
5868
6156
7100
8456
4461
1357
7212
643
3777
7280
7708
7602
6396
8908
4507
502
9649
7866
4795
2395
3024
6353
595
7568
8872
2424
6713
2731
4920
7377
6019
7258
9388
8592
7035
4797
9301
373
7433
4336
913
344
2715
6288
5965
1555
5491
4841
5036
7031
6742
6843
6317
7907
2947
6712
3855
7058
6122
5653
3281
53
7448
7850
8148
5947
8579
948
1959
6801
367
4157
9674
2255
6686
1076
2031
8322
5170
3320
2628
4640
554
9255
7291
920
2446
9204
5493
5095
3219
8385
2817
1705
9580
4556
9942
3729
8073
4963
6949
4167
4374
9306
7659
41
1878
4546
4113
2974
8114
3857
176
5840
1582
3006
1361
5480
7177
731
5198
2356
2988
2536
2471
3430
1048
9732
4442
8575
6202
2947
5233
5283
5101
2297
6870
24
3829
8991
8272
3525
5350
8982
7824
2315
4028
996
3287
6352
1930
3648
6948
9861
8568
3943
7226
4717
3504
5028
9077
3708
7828
7842
7527
4367
2302
2797
3237
4530
2362
7520
146
8229
4964
7562
3709
3818
8468
7364
4321
8917
165
9744
4563
487
7219
3543
5175
5314
3956
4839
6025
3381
729
8404
5389
4776
2372
5026
5364
8440
2472
3069
3418
6600
5269
5049
4421
7482
1966
3467
928
8510
8389
3084
6117
1601
2330
7060
3993
8545
6387
238
1655
117
2119
4252
4434
7568
7439
4292
9120
9656
534
2073
4447
9923
6096
4642
7778
5704
8629
7178
8558
765
5722
5731
9094
1404
5424
1934
1388
4939
4162
3067
2904
4477
8290
3002
246
5563
2209
2383
8517
2102
9552
4836
4770
8487
9831
6068
9159
5238
525
2225
9651
861
2698
5722
8357
3105
1133
3318
5089
7919
9082
9181
1182
9126
1564
6573
4246
7035
8241
2049
7721
6849
4164
5151
156
9630
9840
3845
146
5708
3906
5023
6875
7742
2057
3079
7897
5889
8715
9056
4175
5582
9583
2969
3893
6570
101
9547
9642
7376
6812
7652
155
7262
2999
71
8041
5179
9398
9385
5769
4692
9929
4593
4701
1744
9102
1790
7045
8991
525
5603
8114
3298
7565
2594
6780
6421
3005
5941
9628
5773
5112
138
7732
9400
5126
9845
6444
5640
4876
24
1352
5620
386
9870
5031
8032
9298
4202
7937
5534
7220
722
4232
6952
5654
4118
5286
1709
6432
7298
9083
3680
9030
959
3407
212
5303
8794
4605
5919
6959
2408
9044
9912
6437
3641
2363
261
843
8705
6848
3971
2314
7368
6748
4536
9768
9620
2181
9678
3628
7405
9699
6050
769
9243
4782
5489
1896
6849
7105
9652
1610
5474
1577
5510
7133
6694
8474
2820
8046
3721
3797
5502
2775
945
3681
3379
9363
6994
2657
4459
8888
9347
8336
7878
7579
444
2841
6994
2974
9974
208
3525
1876
4376
2352
5806
8847
4412
8351
8236
317
6219
1411
8021
7761
1087
4140
3159
6732
2459
5742
8503
413
7302
6956
6625
2886
9606
3646
1958
6324
5502
6626
6544
6630
3750
6336
8051
2626
3089
9813
5636
2428
8388
2026
5707
5970
6070
1463
1943
6201
9704
6504
2012
3627
9650
8303
3834
467
1395
9695
2669
1753
1044
8600
1814
5761
2056
8009
4842
8227
1715
7071
1921
1234
9424
3959
5749
7689
2532
8678
5624
430
9337
9551
2184
3796
8048
4711
7928
717
2701
8174
2912
8945
6925
1710
5977
291
63
7787
7089
6643
8608
817
4352
3054
1377
7734
8511
6380
3958
4245
5883
4989
2715
8601
367
6809
5990
7851
5831
9836
6499
7801
8584
647
8583
4937
4845
1504
54
2831
8754
1557
3563
9414
1818
4492
9983
3895
2202
6249
666
5467
8329
700
8648
1025
9269
1948
2958
5441
5919
7818
1267
2043
4224
928
537
3030
8228
509
2197
4228
9951
6668
9763
1546
589
4366
93
2320
9004
994
1390
8451
4432
6424
4772
7045
9441
8193
4502
4657
5726
3121
2312
7416
2728
4134
6569
4993
7432
6021
539
2438
6515
7538
5411
4324
2623
4219
7507
1644
2720
7679
8937
2062
4561
5450
1713
8534
217
2229
9676
6237
358
4570
9799
3129
4940
7044
2789
7117
3452
424
9033
8167
9416
2791
5398
6777
6514
9957
4917
5311
6705
9236
7272
8280
1387
8974
1361
631
5385
561
8275
7453
252
4152
8310
6565
9210
5040
6454
1191
3804
8933
150
6817
5327
1738
2997
9912
6135
3908
8027
4831
8142
8699
7335
2485
8186
9648
4527
52
7111
1393
1707
9242
870
1081
5632
6776
4298
5313
2747
175
5652
8183
7544
7579
7931
5598
7400
1485
3395
6111
2027
3160
1259
6061
4972
890
3397
91
2762
1692
4318
8504
6346
2139
6654
5430
6484
3204
9782
1389
4630
8967
3060
6196
3543
9699
4535
2338
3014
474
8053
4979
105
1703
9907
6443
5280
3660
2166
4759
3886
584
9819
39
5828
5360
6753
649
5085
8462
3569
7158
309
3030
4862
2702
849
1414
2209
2704
7598
409
570
9378
8811
2794
5304
7782
6678
9521
8409
6168
1721
2197
1149
4868
5695
2799
1947
2656
9751
6483
1474
7888
3161
7102
213
5145
2630
5863
1214
2395
8670
2473
9059
6629
6241
6150
5310
4646
8072
3550
9379
8747
3172
7781
1018
572
2943
60
9628
4901
4834
6977
9821
5142
8090
8285
6378
1587
3389
2344
2376
4905
9110
9272
5995
4681
4947
239
4367
3417
4467
5186
8390
5200
7447
7268
4745
6325
218
923
3978
9869
5498
1282
4548
6803
1639
2691
8716
10
1718
1512
9986
3383
6706
1776
7221
607
3583
3687
596
3425
6615
1935
5584
497
6577
512
3402
83
9032
751
9568
3481
38
7072
5613
4065
4773
2663
8897
3785
6071
2142
9817
7979
4115
1633
4238
5517
7496
5014
2857
7522
361
2358
8612
769
5706
4482
5169
3673
2891
6803
2518
8380
5842
6101
3588
1258
1288
7653
8953
6502
5561
4133
5071
7949
639
6560
5593
4052
9286
6624
7269
1097
6025
2720
6847
290
1445
6551
4691
2469
1619
1442
1767
31
7985
3756
2005
3728
6289
3320
5181
747
703
9505
3487
2722
1989
801
5344
3902
3631
6442
7712
1452
3890
302
3534
4562
1002
1443
500
9815
602
8188
2837
1353
5574
2812
8347
2465
9406
1523
970
3574
375
9427
1946
1914
2170
2421
1645
2728
436
6915
6301
7203
8922
900
4206
2036
8634
8531
3695
6518
6156
1476
2050
3923
6409
5660
9955
6885
6234
4058
2163
2468
7568
2338
8601
1020
2958
5699
3588
8401
4800
9026
2116
2608
6336
5222
3616
5769
4613
2268
9796
650
1694
5364
2918
2444
5599
5048
9316
4506
1676
4323
3164
6187
2333
5326
9928
7291
6615
4316
3178
9137
5941
3776
5678
3088
8206
4711
8778
3388
6571
8017
4837
6692
6883
5286
6748
9515
4077
6161
5309
6748
9425
9544
9628
9005
8080
4156
434
1504
6506
4449
3363
5144
1023
9499
4621
9604
3253
7340
3582
5073
802
7622
1135
5946
5819
1965
7708
8402
8471
5013
894
4790
4141
5004
8001
4107
13
2351
8283
2269
357
5104
9176
789
7604
5389
7986
3999
2250
627
5777
6417
2410
8924
6607
4728
898
3297
3705
2413
2937
251
9105
8588
8460
1658
2019
3473
2322
3739
5705
8220
5259
4815
3555
7944
6424
8264
5876
2468
9421
8385
2538
6312
4415
9288
8792
5963
1133
6095
2821
4286
2673
2348
498
1933
3275
3658
815
8564
47
8778
8384
5865
1707
5698
8178
6716
7852
8887
8918
9484
3927
3579
6605
5939
4745
3675
3340
9781
6406
3436
7659
8186
5018
6039
5905
5508
6768
1659
5314
6795
9097
6467
2160
9613
8890
3019
4489
3821
6629
5675
8033
6123
3528
2426
3400
4889
2352
9871
4028
9515
8376
320
1674
107
3992
7697
9357
1873
891
3604
4082
8223
4936
4886
4844
199
1500
837
8839
22
591
6929
7815
4750
2489
9113
2618
7591
4368
8132
3806
2985
5225
7527
6348
5407
3394
810
3161
6520
3939
7018
7656
6468
5416
952
835
5944
6861
1399
4388
4106
2023
6105
4466
6373
3273
972
2854
656
9105
968
878
2719
4492
2378
3652
2548
2673
7975
5294
5526
8172
1853
806
794
5351
6637
4749
9503
753
8312
966
7049
2225
3266
3612
7543
4109
6792
9908
4334
9064
616
2242
9320
2985
377
363
6842
517
7713
5950
3063
4048
8997
6511
2052
2914
7991
8905
8063
8008
1866
4967
1039
3514
3802
8595
4868
3340
6101
9071
9851
843
1078
938
167
5325
4975
2021
5677
6261
6180
5321
2069
8299
4304
4890
9994
2758
4910
4718
1065
5064
8786
3226
5438
791
3052
8209
5351
5007
9765
2425
2848
725
4710
7974
1790
4732
3876
5222
5781
2602
9093
1711
686
5382
4040
5982
8556
7940
1455
7457
5283
5295
3987
1054
5179
7913
5651
5639
18
6601
3881
4823
9809
3182
1983
889
4911
6746
8362
8848
5543
6151
6519
6
4852
4117
1311
7228
448
4456
1344
9355
2124
9583
3039
7915
6283
7630
9622
5770
3595
8754
1572
5097
8320
627
5327
5197
8193
517
9275
8256
36
950
7547
1712
934
4570
6160
5734
8197
2805
2322
4996
2767
2703
7306
7695
725
7956
7336
2894
8685
6217
8541
6514
1802
8488
4307
5015
7470
8357
5281
4838
6828
6785
7427
5345
8118
5323
3871
5214
4229
8337
1861
6442
7464
1265
3020
1894
8373
4974
3011
3985
356
6047
8134
5438
459
3365
663
6356
9413
9694
7866
8929
7336
4612
5578
8433
6664
439
8916
8892
4576
2846
7682
8505
247
1069
2474
6325
714
3645
9108
1746
875
9203
9626
5074
9943
9592
794
3749
3178
2754
3935
2513
4427
1419
4921
2032
597
5902
9624
3967
3502
9061
2694
5256
623
7083
982
5737
3772
9121
8402
6939
7734
1697
5540
7192
4177
2410
9757
1458
3133
7876
849
2041
832
2488
4780
5997
2349
769
2878
4181
8629
8202
5133
6822
7324
6800
3571
2281
4476
1361
6337
2274
8633
7947
9426
4810
9798
7869
4457
1298
2843
7150
6090
4414
3636
8968
8069
3029
3504
3554
3990
2853
3803
5635
8899
6399
4490
8637
872
3192
2914
5773
8290
5064
3069
7908
9682
7310
4896
3762
6339
5297
7547
2135
9234
3339
8634
3140
4696
2497
1890
6878
6336
7578
6552
2773
3382
9183
3290
4946
70
9618
9747
8567
4537
4516
9427
6637
5467
1846
6313
56
4641
9503
9250
7734
784
7027
8982
5756
5392
7353
5394
7463
3308
6180
8185
2358
3780
1743
3964
1716
9584
5250
6950
6959
1173
450
7908
5939
2853
5184
8808
5552
869
3814
7981
5257
8380
6009
2138
6675
2689
2778
4191
806
8038
5324
29
3867
497
2100
7969
3512
2269
634
2121
3730
3557
6428
3669
813
3785
2028
5814
3099
8586
1736
2612
1451
4674
7457
2993
1057
9459
4885
4942
5499
5952
6795
6409
3844
7610
1849
6381
9454
5634
5173
8986
8748
3161
3828
5992
8878
4963
4209
3156
6828
9777
8673
9064
8027
4076
3707
4055
4083
742
8885
2894
2751
8279
3016
5497
9420
7382
6721
704
6936
2927
25
8225
2516
4403
4775
5698
4054
4203
6234
6079
1494
6300
4247
2073
5752
6349
8822
1150
6165
7030
9669
8811
9753
4079
2592
332
7293
6028
465
6762
869
2574
1377
7206
5206
8721
9091
7337
6044
1453
8804
9760
7457
5307
6387
7861
8689
2307
5962
5638
3197
14
3178
4606
5538
7390
1177
1025
6538
8885
6916
4454
794
5816
4925
5497
2646
3978
2878
2973
8178
8770
7503
3531
4040
2441
146
7218
1784
2567
635
6202
7478
5306
6345
5231
6867
369
5778
1852
5783
1798
3684
5722
7602
1437
2125
4853
875
8705
2575
9462
9913
4357
9165
207
3009
6604
2786
1
3669
3312
3371
3685
4093
8257
7160
2228
2221
3763
4621
6413
8484
8965
4763
8321
3472
1495
6354
2240
2114
9185
5823
8242
1861
2684
6269
6699
7701
2707
6726
6521
267
1763
4112
7548
2209
8252
7128
2351
6071
3683
6106
5229
980
9738
1183
887
6925
963
9571
3036
8746
7978
9677
7735
222
4515
6422
6824
5268
9572
7157
5039
6622
1704
2834
272
7753
9285
9241
1570
1137
2968
6473
8597
8872
7475
7797
5049
3148
3162
7730
8156
4070
8463
3973
1134
1033
3242
7414
5921
8551
9590
5350
7863
9220
6959
8602
9623
8099
8487
391
870
6404
5304
9002
186
948
1881
8511
6417
8208
6414
6180
4273
2845
2420
3511
5481
9110
5119
8025
6429
9491
2993
4945
8447
462
5776
9291
6437
9979
9052
9929
5860
9116
1271
1142
6535
3497
1580
1610
2487
4660
8792
9257
6874
1862
3255
3314
1513
5318
1684
7249
516
5898
1815
1473
9827
9293
411
479
4845
5346
5050
2373
621
6048
5179
3155
1628
4440
7988
8447
6272
4199
6820
3678
976
5301
9553
1164
759
971
7491
392
832
3612
4946
9071
2315
3546
4850
1075
9586
4320
1249
7810
4377
2872
4697
2234
5978
9063
3169
5944
9687
4185
3505
558
9920
4596
9798
5296
1059
7610
1680
7225
9220
9281
3789
6822
4609
1509
7857
2420
8193
6309
4406
1051
146
6936
4267
491
6047
9622
5910
5720
8296
4326
5282
8998
3676
2627
9186
3272
1706
2417
4400
5503
7908
5264
5928
7353
2591
4458
5724
7312
4348
5871
77
4850
2109
1720
6706
5422
8235
5666
4564
8157
1631
5861
2715
997
7424
5126
7451
9521
890
357
5781
6931
4947
8838
6304
7778
6520
1114
931
2079
5114
1876
6415
1512
3270
6148
6529
7288
698
6818
2403
2076
8657
567
9450
7673
6105
1901
9646
1441
1649
8583
3007
4438
2102
9493
8748
636
2284
8375
4967
5448
1621
4278
964
5481
6116
6011
7917
1882
3276
7744
9292
7443
9991
8094
9793
80
7763
8437
3500
6507
7331
9770
4100
4000
1673
7495
5015
4532
1489
2133
9728
5458
327
9360
2710
5548
6590
5348
7473
5698
3625
8122
6795
8480
8330
492
4562
7597
96
8374
5642
1212
8404
4378
168
9745
1881
6493
820
4751
6633
660
1137
1989
4703
2979
1626
6288
430
9797
7358
233
4145
3523
5200
3266
5101
1397
1881
1192
5421
1736
1083
1039
2571
9949
9042
3819
4687
8044
5022
4614
2725
5483
7017
4337
8555
612
1100
3568
1088
798
9911
2883
5403
4550
4044
617
6043
6912
3202
9833
6491
5802
4066
7584
9724
1069
1831
3848
3356
905
4483
7067
8669
5182
4564
2020
6274
3369
5224
2121
406
7001
7910
3483
6427
4178
7055
9417
2304
7808
5228
7631
6485
8683
8407
8023
4101
1876
5628
7338
1996
2139
8318
8311
9212
3879
1225
8259
359
9322
4268
4755
932
7479
5380
5181
6835
3077
2123
1182
9297
5910
6830
2233
742
8462
1609
4049
531
9496
363
7290
9079
548
4922
498
3465
6175
689
5363
3005
1900
8524
8124
702
7649
9412
7937
5191
809
7285
7142
2703
8638
6876
8471
2285
1931
206
3756
8995
3148
4690
